     0/199     2.45G   0.09383   0.03932   0.04809    0.1812        32       640    0.1008    0.1652    0.1523   0.05778   0.05956   0.03207   0.03136
     1/199     2.46G   0.06691   0.03357   0.02812    0.1286        25       640    0.1437    0.5306      0.31    0.1434   0.05466   0.02209   0.01963
     2/199     2.46G   0.06282   0.02816   0.02017    0.1112        30       640    0.2917    0.7504    0.5324    0.2449   0.04887   0.02048   0.01255
     3/199     2.46G   0.06339   0.02605   0.01431    0.1038        16       640    0.2786    0.7306    0.4563     0.196   0.04816      0.02  0.009508
     4/199     2.46G   0.05953   0.02545   0.01199   0.09697        16       640    0.3424    0.7365    0.5582    0.2267   0.04594   0.01979  0.008781
     5/199     2.46G   0.05221   0.02586   0.01025   0.08831        19       640    0.3654     0.822    0.6293     0.275   0.04177   0.01967  0.007612
     6/199     2.46G   0.04809    0.0252  0.009971   0.08327        49       640    0.2814    0.8062    0.6461    0.3301   0.03955   0.02165   0.01015
     7/199     2.46G   0.04538   0.02568  0.009433   0.08049        14       640    0.4039    0.7685    0.6834    0.3594   0.03886   0.02089  0.007504
     8/199     2.46G    0.0452   0.02551  0.008593   0.07931        16       640     0.436    0.8112    0.6825    0.3484   0.03609   0.01959  0.007205
     9/199     2.46G   0.04215   0.02497  0.007902   0.07502        19       640    0.4948    0.7998     0.715    0.3882   0.03521   0.01983  0.006605
    10/199     2.46G   0.04168   0.02447  0.007958   0.07411        46       640    0.4615    0.8073    0.7214    0.4014   0.03571   0.01929  0.005852
    11/199     2.46G   0.04087   0.02386   0.00756   0.07229        18       640    0.4461    0.8136    0.7101    0.3895   0.03517   0.01981  0.006275
    12/199     2.46G    0.0403   0.02437  0.007244   0.07191        38       640    0.4983    0.8292    0.7644    0.4099    0.0343   0.01872  0.006375
    13/199     2.46G   0.03909   0.02488  0.006148   0.07012        21       640    0.4922      0.83    0.7803    0.4485   0.03128    0.0191  0.006246
    14/199     2.46G   0.03827   0.02435  0.005984    0.0686        34       640    0.4525    0.8318    0.7516    0.4512   0.03316   0.01938  0.006453
    15/199     2.46G   0.03933   0.02388   0.00612   0.06934        40       640    0.4803    0.8257    0.7442    0.4321   0.03295   0.01932  0.005544
    16/199     2.46G   0.03878   0.02392  0.006113   0.06881        36       640    0.4765    0.8239    0.7434    0.4148   0.03295   0.01966  0.006297
    17/199     2.46G   0.03788    0.0234  0.006865   0.06815        30       640    0.5147    0.8227    0.7623    0.4406   0.03281   0.01903   0.00628
    18/199     2.46G   0.03683   0.02363   0.00564    0.0661        42       640    0.5205    0.8134    0.7504    0.4434   0.03201   0.01885  0.005361
    19/199     2.46G   0.03644     0.023  0.005441   0.06487        31       640    0.4915    0.8325    0.7597    0.4559   0.03243   0.01854  0.004594
    20/199     2.46G   0.03529   0.02334  0.005161   0.06379        41       640    0.4795    0.8395    0.7273    0.4085   0.03276   0.01932  0.006051
    21/199     2.46G   0.03582   0.02349  0.005159   0.06447        23       640    0.5525    0.8282    0.7797    0.4789   0.03162   0.01847  0.004908
    22/199     2.46G   0.03552   0.02387  0.005109    0.0645        22       640    0.4886    0.8334    0.7261    0.4197   0.03138   0.01863  0.004348
    23/199     2.46G   0.03527   0.02293  0.004742   0.06295        61       640    0.5191    0.8726    0.8149    0.4863    0.0311   0.01865  0.004501
    24/199     2.46G     0.035    0.0221  0.004513   0.06161        26       640    0.5995    0.8311    0.8086    0.4989   0.03005   0.01789  0.003788
    25/199     2.46G    0.0338    0.0222  0.004466   0.06046        44       640    0.6157    0.8322    0.8163    0.5022   0.03017   0.01835  0.003968
    26/199     2.46G   0.03396   0.02169  0.004777   0.06043        16       640    0.5067    0.8448    0.7939    0.4949   0.03035    0.0188  0.003618
    27/199     2.46G   0.03372   0.02183  0.004397   0.05994        26       640    0.5212    0.8628    0.8088    0.5017   0.03033   0.01847  0.003224
    28/199     2.46G   0.03395   0.02173  0.004114   0.05979        15       640    0.4905    0.8445    0.7833    0.4646   0.03137   0.01893  0.004454
    29/199     2.46G   0.03298   0.02104  0.004282   0.05831        15       640    0.5925    0.8641    0.8282    0.5194   0.02997   0.01789  0.003481
    30/199     2.46G   0.03312   0.02239  0.004387    0.0599        18       640    0.5748     0.843    0.8064     0.497   0.02952   0.01813  0.003924
    31/199     2.46G   0.03261   0.02217  0.004238   0.05902        14       640    0.5969    0.8672    0.8281     0.516   0.02986   0.01771  0.003587
    32/199     2.46G   0.03277   0.02112  0.004077   0.05797        26       640    0.6088    0.8612    0.8344    0.5233   0.02968   0.01774  0.003469
    33/199     2.46G   0.03198    0.0208  0.003759   0.05653        12       640    0.5895    0.8336    0.7818    0.4865   0.03077   0.01894  0.003683
    34/199     2.46G   0.03247   0.02259  0.003843    0.0589        19       640    0.5973    0.8376    0.8113    0.5031   0.03018   0.01844  0.004467
    35/199     2.46G   0.03228   0.02089   0.00376   0.05692        17       640    0.6225    0.8374    0.8036    0.5112   0.02983   0.01803  0.003772
    36/199     2.46G   0.03236   0.02131  0.003838   0.05751        57       640    0.5409      0.86    0.7963    0.4959   0.02965   0.01828   0.00322
    37/199     2.46G   0.03162   0.02036  0.003872   0.05585        31       640    0.5471    0.8519     0.815    0.5224   0.02923   0.01817  0.003244
    38/199     2.46G   0.03153   0.02028  0.003787    0.0556        22       640    0.6143    0.8643    0.8179    0.5168   0.02917   0.01798  0.002887
    39/199     2.46G    0.0318   0.02145  0.004005   0.05725        41       640    0.5628    0.8631    0.8118     0.539   0.02916   0.01804  0.003461
    40/199     2.46G   0.03137   0.02093  0.003636   0.05594        12       640    0.6107    0.8539    0.8332      0.53   0.02871   0.01783    0.0034
    41/199     2.46G   0.03032   0.02102  0.003568   0.05491        22       640     0.519    0.8373    0.7736    0.5041   0.03146      0.02  0.005104
    42/199     2.46G    0.0311   0.02075  0.003693   0.05554        24       640      0.65    0.8697    0.8382    0.5413   0.02939   0.01763   0.00349
    43/199     2.46G   0.03014   0.02014  0.003217    0.0535        22       640    0.6513    0.8572    0.8288    0.5407    0.0293   0.01772  0.002761
    44/199     2.46G   0.03123   0.02087   0.00354   0.05564        29       640    0.6334    0.8709    0.8301    0.5254   0.02938   0.01771  0.003075
    45/199     2.46G   0.03068    0.0201  0.003437   0.05422        16       640    0.5963    0.8223    0.7901    0.5145   0.03001   0.01859  0.003307
    46/199     2.46G   0.03093   0.02046  0.003407    0.0548        16       640    0.6367    0.8381    0.8115    0.5394   0.02898   0.01779  0.003792
    47/199     2.46G   0.02983   0.01925  0.003324    0.0524        28       640    0.6233    0.8634    0.8431     0.542   0.02864   0.01783  0.003049
    48/199     2.46G   0.02976   0.02006  0.003312   0.05314        45       640    0.6292    0.8526    0.8338     0.546   0.02857   0.01792    0.0031
    49/199     2.46G   0.02993   0.01986  0.003193   0.05298        23       640    0.6495    0.8658    0.8383     0.572   0.02788    0.0177  0.002897
    50/199     2.46G   0.02873   0.01986  0.003095   0.05169        23       640    0.6364    0.8502    0.8246    0.5477   0.02757   0.01789  0.002614
    51/199     2.46G   0.02964   0.01967  0.003901   0.05321        27       640    0.6009    0.8465    0.8107    0.5324   0.02876   0.01787  0.003475
    52/199     2.46G   0.02897   0.01952  0.003306   0.05179        28       640     0.645    0.8598    0.8242    0.5321   0.02885   0.01811   0.00326
    53/199     2.46G   0.02846   0.01943   0.00309   0.05098        14       640    0.5978    0.8491    0.8095    0.5469   0.02935   0.01797  0.002958
    54/199     2.46G   0.02964   0.01911  0.003222   0.05197        20       640     0.611    0.8609    0.8309    0.5574   0.02903   0.01771  0.003324
    55/199     2.46G   0.02969   0.01934  0.002952   0.05198        30       640    0.6566    0.8556    0.8312    0.5327   0.02943   0.01809  0.003335
    56/199     2.46G   0.02882   0.01975  0.003315   0.05188        25       640    0.6513    0.8456    0.8244     0.552   0.02928   0.01794  0.003185
    57/199     2.46G   0.02829   0.01927  0.003061   0.05062        24       640    0.6486    0.8646    0.8427    0.5498   0.02917   0.01795  0.003091
    58/199     2.46G   0.02935   0.01987  0.003084    0.0523        36       640    0.5935    0.8579    0.8325    0.5422   0.02865   0.01814  0.002854
    59/199     2.46G   0.02878   0.02007  0.002867   0.05172        26       640    0.5977    0.8655    0.8237    0.5549   0.02849   0.01772  0.003077
    60/199     2.46G   0.02931    0.0198  0.002723   0.05183        17       640    0.6651    0.8549    0.8337    0.5461    0.0286   0.01777  0.002922
    61/199     2.46G   0.02772   0.01915  0.002382   0.04925        17       640    0.6552    0.8561    0.8245    0.5513   0.02852   0.01784  0.002981
    62/199     2.46G   0.02815   0.01954  0.003528   0.05122        44       640    0.6381    0.8657    0.8285    0.5526   0.02891   0.01818  0.003789
    63/199     2.46G   0.02811   0.01958  0.003356   0.05104        26       640    0.6559    0.8619    0.8384    0.5521   0.02866   0.01786  0.003573
    64/199     2.46G   0.02805   0.01893  0.002662   0.04965        18       640    0.6439    0.8476    0.8099    0.5134   0.02935   0.01834   0.00269
    65/199     2.46G   0.02812   0.01914  0.002608   0.04987        24       640    0.6201    0.8668    0.8306    0.5642   0.02806   0.01788  0.003348
    66/199     2.46G    0.0274    0.0191  0.003044   0.04954        30       640    0.6645    0.8482    0.8277    0.5526   0.02818   0.01827  0.003792
    67/199     2.46G   0.02795   0.01863  0.002855   0.04944        34       640    0.6195    0.8623    0.8385    0.5499   0.02787   0.01778  0.003353
    68/199     2.46G   0.02752   0.01946  0.002856   0.04983        11       640    0.6032    0.8527    0.8216    0.5596   0.02846    0.0179  0.003095
    69/199     2.46G   0.02768   0.01891  0.002619   0.04921        26       640    0.6761    0.8647    0.8333     0.575    0.0286   0.01775  0.002654
    70/199     2.46G   0.02767   0.01845  0.002696   0.04881        16       640    0.6582     0.855    0.8353    0.5642   0.02802   0.01786  0.003645
    71/199     2.46G   0.02728   0.01845  0.002594   0.04833        15       640    0.6873    0.8516    0.8379    0.5658   0.02843   0.01771  0.002941
    72/199     2.46G   0.02739   0.01889  0.002941   0.04923        13       640    0.6969    0.8628    0.8387    0.5684   0.02825   0.01806     0.003
    73/199     2.46G   0.02657    0.0184  0.002888   0.04785        53       640    0.6836    0.8486    0.8317    0.5685   0.02785   0.01805  0.003152
    74/199     2.46G   0.02666   0.01848  0.002946   0.04808        26       640    0.6798    0.8585    0.8278    0.5657   0.02778    0.0177  0.003177
    75/199     2.46G   0.02652   0.01835  0.002611   0.04747        23       640    0.7161    0.8425    0.8233    0.5668   0.02781   0.01794  0.002737
    76/199     2.46G   0.02635   0.01856  0.003054   0.04797        31       640    0.6364    0.8692     0.846     0.562   0.02746   0.01756  0.003099
    77/199     2.46G   0.02552   0.01739  0.002401   0.04531        23       640    0.6945    0.8793    0.8568    0.5896   0.02731   0.01727  0.002896
    78/199     2.46G   0.02665   0.01831  0.002249   0.04721        18       640    0.6918    0.8563    0.8361    0.5733   0.02767   0.01766  0.002732
    79/199     2.46G   0.02593   0.01766  0.002331   0.04592        15       640    0.6896    0.8543    0.8336    0.5835   0.02736   0.01749  0.003613
    80/199     2.46G   0.02578   0.01811  0.002289   0.04618        17       640    0.6877    0.8505    0.8271     0.579   0.02718   0.01784  0.003358
    81/199     2.46G   0.02566   0.01806   0.00223   0.04594        32       640    0.7164    0.8604    0.8401    0.5785   0.02699   0.01784  0.002863
    82/199     2.46G   0.02618   0.01855  0.002232   0.04696        42       640    0.7305    0.8705    0.8481     0.589   0.02729   0.01734  0.002796
    83/199     2.46G   0.02584   0.01826  0.002262   0.04636        34       640    0.6543    0.8653    0.8376    0.5767   0.02704   0.01786  0.002637
    84/199     2.46G    0.0262   0.01775  0.002152    0.0461        21       640    0.7328    0.8481    0.8376    0.5815   0.02791   0.01781  0.002938
    85/199     2.46G   0.02522   0.01755  0.002079   0.04485        23       640     0.707    0.8553    0.8494    0.5934   0.02763   0.01775  0.002511
    86/199     2.46G   0.02477    0.0175   0.00185   0.04412        38       640    0.7131    0.8697    0.8507    0.5967    0.0269   0.01768  0.002838
    87/199     2.46G   0.02485    0.0174  0.002405   0.04465        41       640    0.7089    0.8595    0.8408    0.5975     0.027   0.01764  0.002979
    88/199     2.46G     0.025   0.01715  0.002247   0.04439        27       640    0.7067    0.8577    0.8432    0.5809   0.02742   0.01793  0.002949
    89/199     2.46G   0.02537   0.01781  0.002069   0.04525        27       640    0.6877     0.864      0.84    0.5856   0.02703   0.01776  0.003064
    90/199     2.46G   0.02488   0.01727  0.002248    0.0444        16       640    0.7275    0.8749    0.8563    0.5941   0.02711   0.01746  0.003152
    91/199     2.46G   0.02474    0.0178  0.001892   0.04444        33       640    0.7206     0.879    0.8547     0.599   0.02691   0.01755  0.003079
    92/199     2.46G   0.02495   0.01715   0.00186   0.04395        17       640     0.721    0.8611    0.8369    0.5816     0.027   0.01805  0.002725
    93/199     2.46G   0.02463   0.01676  0.001885   0.04328        20       640    0.7208    0.8611    0.8526    0.5867   0.02695   0.01783   0.00255
    94/199     2.46G   0.02417   0.01652   0.00181    0.0425        52       640    0.7157    0.8782     0.862    0.5986   0.02667   0.01778  0.002504
    95/199     2.46G   0.02459   0.01749  0.001584   0.04367        22       640    0.7172    0.8702    0.8501    0.5934   0.02634   0.01792  0.002435
    96/199     2.46G   0.02422   0.01724   0.00164    0.0431        16       640    0.7111     0.866    0.8498    0.5888   0.02678   0.01756  0.003128
    97/199     2.46G   0.02421   0.01659  0.002039   0.04284        21       640    0.7241    0.8652    0.8535    0.5886   0.02648   0.01745  0.002751
    98/199     2.46G   0.02429   0.01685  0.001987   0.04313        41       640    0.7224    0.8658    0.8608    0.6025    0.0269   0.01784  0.002639
    99/199     2.46G   0.02345   0.01691  0.002048   0.04241        39       640    0.7208    0.8568    0.8438    0.5886   0.02684   0.01802  0.002779
   100/199     2.46G   0.02408    0.0173  0.001744   0.04312        13       640    0.7465    0.8713    0.8633    0.5967   0.02653   0.01789  0.002735
   101/199     2.46G   0.02347   0.01655  0.001736   0.04176        28       640     0.737    0.8648    0.8461    0.5928   0.02671   0.01809  0.002583
   102/199     2.46G   0.02386   0.01689  0.002246     0.043        20       640    0.7353    0.8512    0.8331    0.5859    0.0267   0.01799  0.002725
   103/199     2.46G   0.02373   0.01652  0.001785   0.04204        24       640     0.758    0.8611    0.8573     0.587   0.02653   0.01783  0.002707
   104/199     2.46G   0.02323    0.0153  0.001876    0.0404        17       640    0.7467    0.8567    0.8369    0.6035   0.02627   0.01764  0.002601
   105/199     2.46G   0.02337   0.01626   0.00182   0.04145        26       640    0.7113    0.8567     0.835    0.5959   0.02675    0.0181  0.002973
   106/199     2.46G   0.02335   0.01702  0.002074   0.04244        22       640    0.7493    0.8546    0.8423     0.597    0.0266   0.01782  0.002976
   107/199     2.46G   0.02296    0.0169  0.002263   0.04212        27       640    0.7104    0.8601    0.8373    0.5895   0.02683   0.01817  0.002556
   108/199     2.46G   0.02328   0.01651  0.001685   0.04148        17       640    0.7238     0.852    0.8366    0.6001   0.02658   0.01805  0.002403
   109/199     2.46G   0.02356   0.01665  0.001869   0.04207        28       640    0.7545    0.8556    0.8423    0.6005   0.02671   0.01785  0.002337
   110/199     2.46G   0.02335   0.01626   0.00158   0.04119        11       640    0.7487    0.8507    0.8491    0.5993   0.02625   0.01816  0.002742
   111/199     2.46G   0.02293   0.01674  0.001789   0.04145        26       640    0.7042    0.8604    0.8446    0.5908   0.02641   0.01816  0.002471
   112/199     2.46G   0.02284   0.01645   0.00165   0.04094        18       640    0.7705    0.8702    0.8603    0.6146   0.02594   0.01779  0.002506
   113/199     2.46G   0.02269   0.01576  0.001492   0.03995        21       640    0.7382    0.8735    0.8517    0.6105   0.02643   0.01793   0.00259
   114/199     2.46G   0.02265    0.0162  0.001682   0.04054        29       640    0.7463    0.8591    0.8502    0.6018   0.02625   0.01823  0.002595
   115/199     2.46G   0.02238   0.01574  0.001613   0.03973        22       640    0.7534    0.8524    0.8462    0.6015   0.02617   0.01829  0.002601
   116/199     2.46G   0.02282   0.01656   0.00163   0.04102        39       640    0.7243    0.8613    0.8456    0.5935   0.02655     0.018   0.00271
   117/199     2.46G   0.02235   0.01656  0.001586    0.0405        33       640    0.7562    0.8666    0.8602    0.6106   0.02595   0.01791  0.002933
   118/199     2.46G   0.02248    0.0157  0.001537   0.03971        12       640    0.7307     0.859    0.8491    0.6148   0.02649   0.01797   0.00277
   119/199     2.46G   0.02214   0.01587  0.001458   0.03946        31       640    0.7545    0.8679    0.8528     0.608   0.02602    0.0176  0.002642
   120/199     2.46G   0.02239    0.0157  0.001644   0.03974        33       640    0.7302    0.8548    0.8383    0.6079   0.02662   0.01807   0.00279
   121/199     2.46G   0.02158   0.01544  0.001721   0.03874        34       640    0.7423    0.8615    0.8483    0.6136   0.02625   0.01808  0.002637
   122/199     2.46G    0.0213   0.01583  0.001389   0.03852        16       640    0.7438    0.8573    0.8467    0.6062   0.02658   0.01783  0.002686
   123/199     2.46G   0.02195   0.01615  0.001407   0.03951        29       640    0.7504    0.8572    0.8432    0.6081   0.02632    0.0179  0.002861
   124/199     2.46G    0.0213    0.0155  0.001555   0.03836        13       640     0.727     0.842    0.8362    0.6036   0.02609   0.01866  0.002726
   125/199     2.46G   0.02152   0.01567  0.001387   0.03858        27       640    0.7269    0.8653    0.8483    0.6091   0.02608   0.01809  0.002947
   126/199     2.46G   0.02199   0.01551  0.001577   0.03908        26       640     0.709    0.8479    0.8343    0.6039   0.02651   0.01837  0.003067
   127/199     2.46G   0.02105   0.01501  0.001583   0.03764        17       640    0.7553     0.855    0.8533    0.6103   0.02616   0.01843  0.002848
   128/199     2.46G   0.02154   0.01525   0.00151   0.03831        22       640    0.7416    0.8637    0.8549    0.6137   0.02618    0.0181   0.00279
   129/199     2.46G   0.02169   0.01539  0.001303   0.03838        25       640    0.7621    0.8429    0.8469    0.6087   0.02605   0.01834  0.002693
   130/199     2.46G   0.02127   0.01499   0.00126   0.03752        23       640    0.7595    0.8692    0.8584    0.6207    0.0259   0.01855  0.002512
   131/199     2.46G   0.02116    0.0153  0.001273   0.03773        18       640    0.7641    0.8695    0.8665    0.6193   0.02579   0.01816  0.002445
   132/199     2.46G   0.02119   0.01523  0.001546   0.03797        20       640     0.756    0.8407    0.8387    0.6031   0.02621   0.01886  0.002413
   133/199     2.46G   0.02078   0.01494    0.0016   0.03733        30       640    0.7625    0.8668    0.8482    0.6156   0.02609   0.01852  0.002597
   134/199     2.46G   0.02092   0.01483  0.001129   0.03688        23       640    0.7359    0.8557    0.8463    0.6177   0.02607   0.01849  0.002451
   135/199     2.46G    0.0208   0.01537  0.001207   0.03738        32       640    0.7481    0.8503    0.8402    0.6173   0.02586   0.01827  0.002567
   136/199     2.46G   0.02053   0.01524  0.001323   0.03709        13       640     0.772    0.8737    0.8591    0.6226   0.02634   0.01803  0.002693
   137/199     2.46G   0.02082   0.01508  0.001401    0.0373        22       640    0.7552    0.8625    0.8439    0.6173   0.02606   0.01827  0.002483
   138/199     2.46G   0.02111   0.01523  0.001218   0.03756        29       640    0.7425    0.8568     0.834    0.6101   0.02644   0.01868  0.002423
   139/199     2.46G   0.02055   0.01531  0.001314   0.03717        14       640    0.7774    0.8656    0.8521    0.6198   0.02643   0.01858  0.002331
   140/199     2.46G   0.02004   0.01424   0.00125   0.03553        26       640    0.7629    0.8547    0.8473    0.6187   0.02641   0.01859  0.002419
   141/199     2.46G   0.02005   0.01473  0.001296   0.03607        56       640    0.7696    0.8582    0.8471    0.6272   0.02574   0.01833   0.00222
   142/199     2.46G   0.01983   0.01465   0.00097   0.03545        18       640    0.7582    0.8553    0.8421    0.6223   0.02577   0.01821  0.002282
   143/199     2.46G   0.02011   0.01482  0.001239   0.03617        15       640    0.7774    0.8534    0.8501    0.6245   0.02605   0.01831  0.002489
   144/199     2.46G   0.01971   0.01413  0.001168   0.03501        67       640    0.7666     0.862    0.8529    0.6246   0.02566   0.01858  0.002178
   145/199     2.46G   0.01954   0.01414  0.001327   0.03501        26       640    0.7818     0.851    0.8327    0.6125    0.0261   0.01916  0.002406
   146/199     2.46G   0.01971   0.01393  0.001179   0.03482        16       640    0.7803     0.849    0.8391    0.6184   0.02599   0.01869   0.00238
   147/199     2.46G   0.01971   0.01425  0.001128   0.03508        43       640    0.7633    0.8496    0.8535    0.6215   0.02568   0.01852  0.002664
   148/199     2.46G   0.01939   0.01417   0.00129   0.03485        14       640    0.7853    0.8341    0.8376    0.6187   0.02636   0.01907  0.002602
   149/199     2.46G   0.01942   0.01376  0.001023    0.0342        24       640    0.7431     0.857    0.8396    0.6219   0.02594   0.01855  0.002397
   150/199     2.46G   0.01973   0.01418  0.001117   0.03503        29       640    0.7657    0.8626    0.8442     0.617   0.02578   0.01873  0.002381
   151/199     2.46G   0.01977   0.01446  0.001286   0.03551        26       640    0.7693    0.8504    0.8402    0.6197   0.02589   0.01814  0.002617
   152/199     2.46G   0.01954   0.01471  0.001046    0.0353        30       640    0.7665    0.8616    0.8509    0.6188   0.02597   0.01829  0.002494
   153/199     2.46G   0.01945   0.01398  0.001074   0.03451        20       640    0.7794    0.8475    0.8439    0.6165    0.0263   0.01866  0.002837
   154/199     2.46G   0.01944   0.01392   0.00119   0.03455        18       640    0.7823    0.8619    0.8491    0.6168   0.02598   0.01855  0.002675
   155/199     2.46G   0.01919   0.01462  0.001116   0.03493        17       640    0.7733    0.8621    0.8575    0.6259   0.02607   0.01818  0.002748
   156/199     2.46G   0.01952   0.01441  0.001189   0.03511        59       640    0.7688    0.8586    0.8522    0.6275   0.02633   0.01834   0.00335
   157/199     2.46G   0.01928   0.01362  0.000999   0.03391        35       640    0.7744    0.8373    0.8331     0.612   0.02649   0.01901  0.002914
   158/199     2.46G   0.01942   0.01377  0.001286   0.03448        17       640    0.7687     0.857    0.8467    0.6279   0.02625   0.01883  0.002848
   159/199     2.46G   0.01885   0.01389  0.001013   0.03375        21       640    0.7708    0.8416    0.8378    0.6185   0.02599   0.01897   0.00318
   160/199     2.46G   0.01908   0.01377 0.0008948   0.03374        39       640    0.7662    0.8608    0.8591    0.6287   0.02591   0.01835  0.002579
   161/199     2.46G   0.01903   0.01417  0.001009    0.0342        19       640    0.7706    0.8543      0.84    0.6202   0.02621   0.01873  0.002733
   162/199     2.46G   0.01883   0.01368   0.00109    0.0336        30       640    0.7883    0.8491     0.846    0.6269   0.02607   0.01866  0.002675
   163/199     2.46G   0.01926   0.01479 0.0009843   0.03503        52       640     0.782    0.8488    0.8411    0.6167   0.02634   0.01909  0.002769
   164/199     2.46G   0.01873   0.01361 0.0009778   0.03332        23       640    0.7785    0.8563    0.8494    0.6254   0.02623    0.0191  0.002638
   165/199     2.46G   0.01875    0.0136  0.001054   0.03341        35       640    0.7716     0.858    0.8486    0.6233   0.02611   0.01902  0.002825
   166/199     2.46G   0.01883   0.01403 0.0009387    0.0338        33       640    0.7623    0.8591    0.8477    0.6271   0.02609   0.01886  0.002943
   167/199     2.46G   0.01859   0.01409 0.0008773   0.03355        17       640    0.7759    0.8547     0.852    0.6282   0.02597   0.01858  0.003072
   168/199     2.46G   0.01828   0.01362 0.0009404   0.03284        20       640    0.7951    0.8608    0.8625    0.6337   0.02595   0.01858   0.00297
   169/199     2.46G   0.01865   0.01361 0.0008593   0.03312        74       640    0.7774     0.849    0.8519    0.6249   0.02578   0.01894   0.00293
   170/199     2.46G   0.01871   0.01392  0.001203   0.03383        19       640    0.7832    0.8607    0.8536    0.6254   0.02598   0.01863  0.003044
   171/199     2.46G   0.01828    0.0135 0.0008825   0.03267        14       640    0.7807     0.847    0.8344     0.621   0.02612   0.01902  0.003028
   172/199     2.46G   0.01814   0.01333  0.000945   0.03242        24       640    0.7795    0.8576    0.8587    0.6282   0.02598   0.01898   0.00276
   173/199     2.46G   0.01856   0.01344  0.000988   0.03298        21       640    0.7827    0.8637    0.8611    0.6307   0.02595   0.01881  0.002808
   174/199     2.46G   0.01779     0.013 0.0009013    0.0317        24       640    0.7921    0.8695    0.8675    0.6336   0.02559   0.01865   0.00312
   175/199     2.46G    0.0182   0.01363 0.0009097   0.03274        23       640    0.7823    0.8674    0.8652    0.6401   0.02598   0.01897  0.002939
   176/199     2.46G   0.01802   0.01302   0.00087   0.03191        21       640     0.784    0.8674    0.8647    0.6325   0.02599    0.0192  0.002985
   177/199     2.46G   0.01779     0.013 0.0007898   0.03158        29       640    0.7873    0.8556     0.848    0.6285   0.02622   0.01929   0.00294
   178/199     2.46G   0.01764   0.01344 0.0008862   0.03197        34       640    0.7758    0.8539    0.8495    0.6289   0.02606   0.01942  0.003117
   179/199     2.46G   0.01796   0.01302  0.000775   0.03175        26       640    0.7781    0.8688    0.8582    0.6327   0.02562   0.01927  0.003368
   180/199     2.46G   0.01751   0.01253 0.0008215   0.03087        19       640    0.7923    0.8548    0.8525    0.6357   0.02564   0.01907  0.003101
   181/199     2.46G   0.01793    0.0128  0.000901   0.03163        14       640    0.7766    0.8638    0.8587    0.6292   0.02593   0.01918  0.003261
   182/199     2.46G   0.01777   0.01332 0.0008948   0.03198        11       640    0.7793    0.8666    0.8562     0.632   0.02591   0.01906  0.003208
   183/199     2.46G   0.01786    0.0129 0.0009577   0.03173        12       640    0.7848    0.8614    0.8562     0.635   0.02606   0.01903  0.003262
   184/199     2.46G   0.01772   0.01329  0.001065   0.03208        28       640    0.7838    0.8638    0.8604    0.6363    0.0262   0.01936  0.003232
   185/199     2.46G   0.01758   0.01277 0.0008775   0.03123        23       640    0.7994    0.8631     0.864    0.6401   0.02591   0.01916  0.003185
   186/199     2.46G   0.01765   0.01285  0.001058   0.03156        14       640    0.7855    0.8714    0.8605    0.6354   0.02614   0.01908  0.003014
   187/199     2.46G   0.01781   0.01249  0.001002    0.0313        79       640     0.789    0.8674     0.857    0.6317   0.02595   0.01901  0.002953
   188/199     2.46G   0.01752   0.01326 0.0008051   0.03159        19       640    0.7845    0.8572    0.8492    0.6307   0.02599   0.01902  0.002851
   189/199     2.46G   0.01772   0.01291 0.0008979   0.03153        91       640    0.7982    0.8601    0.8575    0.6321   0.02602   0.01925  0.002986
   190/199     2.46G   0.01831   0.01311 0.0008216   0.03224        18       640    0.7791     0.856    0.8521    0.6284   0.02635   0.01929  0.002981
   191/199     2.46G   0.01752    0.0132 0.0009134   0.03163        25       640    0.7913    0.8568    0.8545    0.6348   0.02629   0.01923  0.002791
   192/199     2.46G   0.01777   0.01377 0.0007429   0.03229        34       640    0.7933    0.8572    0.8585    0.6313   0.02607   0.01915  0.002935
   193/199     2.46G   0.01776   0.01361 0.0009789   0.03235        48       640    0.7824    0.8591    0.8614    0.6363   0.02592   0.01883  0.002934
   194/199     2.46G   0.01773   0.01338 0.0008681   0.03198        27       640    0.7925    0.8675    0.8675    0.6377   0.02571   0.01882  0.002761
   195/199     2.46G   0.01781   0.01315 0.0008049   0.03176        29       640    0.7971    0.8732    0.8674    0.6352   0.02591   0.01903  0.002811
   196/199     2.46G   0.01743   0.01263 0.0008635   0.03092        17       640    0.8032    0.8705    0.8648    0.6344   0.02566   0.01896  0.002534
   197/199     2.46G   0.01776   0.01264 0.0009454   0.03134        25       640    0.7909    0.8656    0.8644    0.6367   0.02594   0.01896  0.002548
   198/199     2.46G   0.01819    0.0139 0.0009744   0.03306        44       640    0.7737    0.8718    0.8635    0.6373   0.02594   0.01879  0.002801
   199/199     2.46G   0.01781   0.01283  0.001069    0.0317        23       640    0.7837    0.8601    0.8571    0.6299   0.02596     0.019  0.002852
