      0/19     2.46G    0.1197   0.07176   0.02752     0.219         9       640         0         0  0.002524 0.0005838    0.1201   0.05761   0.02452
      1/19     2.53G    0.1163   0.07232   0.02691    0.2155        15       640         0         0  0.004964  0.001179    0.1152   0.05898   0.02389
      2/19     2.53G    0.1095   0.07752    0.0255    0.2125         8       640         0         0  0.006516  0.001499    0.1079   0.06174   0.02334
      3/19     2.53G    0.1045   0.08881    0.0247     0.218         3       640       0.5  0.003521   0.01142  0.002309   0.09806   0.06505   0.02278
      4/19     2.53G    0.1013   0.09016    0.0247    0.2161        10       640         0         0   0.01429  0.003066   0.08927   0.06806   0.02197
      5/19     2.53G   0.09688   0.09849   0.02312    0.2185        20       640         0         0   0.02258  0.004965   0.08487   0.06952   0.02135
      6/19     2.53G   0.09287    0.1061   0.02313    0.2221        25       640         0         0   0.04233  0.008931    0.0811   0.06983    0.0206
      7/19     2.53G   0.08716   0.09369   0.02233    0.2032         4       640   0.09854   0.02817   0.07029   0.01672   0.07716   0.06876   0.01976
      8/19     2.53G    0.0836   0.09008   0.02189    0.1956         5       640     0.136    0.2081    0.1018   0.02471   0.07338   0.06622   0.01887
      9/19     2.53G   0.08306   0.08989    0.0216    0.1946        13       640    0.1037    0.3989    0.1549   0.03512   0.06993   0.06377   0.01814
     10/19     2.53G   0.07876   0.09422   0.01912    0.1921        15       640   0.07251    0.5482    0.1675   0.04631    0.0669   0.06104   0.01735
     11/19     2.53G   0.07461   0.08203   0.01997    0.1766         6       640   0.06068    0.5835    0.2007    0.0628   0.06361   0.05954   0.01678
     12/19     2.53G   0.07216   0.07881   0.01909    0.1701         6       640   0.06905    0.5585    0.2425   0.08082   0.06074   0.05796   0.01641
     13/19     2.53G   0.07075   0.08009   0.01845    0.1693         7       640   0.07689    0.5835    0.2769   0.09682   0.05858   0.05642   0.01608
     14/19     2.53G   0.06729   0.07965   0.01859    0.1655        14       640   0.08352    0.5905    0.2923    0.1151   0.05631   0.05494    0.0159
     15/19     2.53G   0.06538   0.07786   0.01905    0.1623         9       640   0.09227    0.6155    0.3025    0.1103   0.05623   0.05332   0.01575
     16/19     2.53G   0.06393   0.07203    0.0197    0.1557        11       640    0.1078    0.6225    0.3373    0.1482   0.05387   0.05256    0.0157
     17/19     2.53G   0.06343   0.07206   0.01736    0.1528         7       640     0.101    0.6225    0.3098    0.1026   0.05579   0.05173   0.01561
     18/19     2.53G   0.06102    0.0654   0.01767    0.1441         8       640    0.1093    0.5975    0.3602    0.1585   0.05211   0.05087   0.01549
     19/19     2.53G   0.06167   0.06624   0.01933    0.1472         9       640    0.1222    0.5975    0.3917    0.1758   0.05079    0.0502   0.01543
