     0/199     3.14G     0.111   0.02735   0.05888    0.1973        10       640         0         0  0.004012 0.0006824   0.07889   0.02307   0.04482
     1/199     3.13G   0.09074   0.02786   0.04974    0.1683        15       640         0         0  0.006824  0.001451   0.06443   0.02241   0.03602
     2/199     3.13G   0.08127   0.02887   0.04184     0.152        10       640         0         0   0.02347  0.005023   0.05718   0.02208   0.02872
     3/199     3.13G   0.07107   0.02821   0.03358    0.1329        14       640    0.1124  0.005926    0.0717   0.02057   0.05216     0.021   0.02218
     4/199     3.13G   0.06908   0.02575   0.02658    0.1214         9       640   0.05907    0.1993    0.1408    0.0513   0.04775   0.01959   0.01765
     5/199     3.13G   0.06359   0.02597   0.02215    0.1117        15       640   0.05159    0.2234    0.1702   0.06591    0.0452   0.01775   0.01335
     6/199     3.13G   0.06168   0.02243   0.01698    0.1011         6       640    0.1635     0.248    0.1621   0.03751   0.05112   0.01549   0.01042
     7/199     3.13G   0.06133   0.02492   0.01394    0.1002        10       640    0.1122    0.3151    0.2031   0.06651   0.04411   0.01474  0.008058
     8/199     3.13G   0.05747   0.02137   0.01179   0.09063        17       640    0.1458    0.4111    0.2808    0.1152   0.04196   0.01419  0.006598
     9/199     3.13G   0.05788   0.02068   0.01049   0.08905        12       640    0.1068    0.4233    0.3053    0.1035   0.04429   0.01295  0.005052
    10/199     3.13G   0.05852   0.01821  0.008224   0.08496         8       640    0.1143    0.3591    0.1989   0.07493   0.04921    0.0118  0.005011
    11/199     3.13G   0.05961   0.01793   0.01014   0.08768        12       640    0.1622    0.4357    0.3403    0.1141   0.04411   0.01213  0.004647
    12/199     3.13G   0.05774   0.01708   0.00865   0.08347        11       640    0.1647    0.4627    0.3775    0.1441   0.03793   0.01217   0.00458
    13/199     3.13G   0.05528   0.01711  0.008819    0.0812        10       640    0.1929    0.4476    0.3797    0.1522   0.03922   0.01103  0.003981
    14/199     3.13G   0.05424   0.01786  0.007658   0.07975        16       640   0.09867    0.4416    0.1969   0.06049   0.04759   0.01001  0.003748
    15/199     3.13G   0.06097   0.01431  0.009299   0.08458         8       640    0.2258    0.3408     0.306    0.1392   0.04497  0.009634  0.005076
    16/199     3.13G   0.05622   0.01575  0.008685   0.08066        12       640    0.1635    0.4269    0.2942    0.1619    0.0404   0.01017  0.004411
    17/199     3.13G   0.05665   0.01604  0.008962   0.08165        14       640    0.1468    0.4253     0.238    0.1159   0.04386    0.0106  0.004224
    18/199     3.13G   0.05591   0.01722   0.01024   0.08338        16       640    0.1422    0.4428     0.267    0.1218   0.04089  0.009895   0.00381
    19/199     3.13G   0.05938   0.01529  0.007431    0.0821        13       640    0.1433    0.4517    0.2664    0.1168   0.04846   0.01022  0.003866
    20/199     3.13G   0.05822   0.01617   0.00908   0.08347        10       640    0.1843    0.4547    0.3728    0.1909   0.04346  0.009285  0.003806
    21/199     3.13G   0.05454   0.01625  0.007242   0.07803        10       640     0.198    0.4761     0.388    0.2109   0.03718  0.009483  0.003707
    22/199     3.13G    0.0509   0.01479   0.00739   0.07308         9       640    0.2278    0.4903    0.3782    0.1977   0.03404  0.009428  0.003947
    23/199     3.13G   0.05161   0.01511  0.007312   0.07403         7       640    0.1598    0.4728    0.3603    0.1779   0.03905  0.009019  0.005639
    24/199     3.13G   0.05045   0.01551  0.006438   0.07241         7       640    0.1864    0.4173    0.2758      0.17   0.03943  0.009203  0.006284
    25/199     3.13G    0.0545   0.01386  0.007221   0.07558         6       640    0.1798    0.4638     0.351    0.1635   0.04135  0.008525  0.006058
    26/199     3.13G   0.05055   0.01499  0.008356    0.0739        13       640    0.4273    0.6119    0.5495    0.3231   0.03755  0.008844  0.005497
    27/199     3.13G   0.04859   0.01488  0.008195   0.07166         9       640    0.1884    0.4426    0.3441    0.1452   0.03817  0.009332  0.003872
    28/199     3.13G    0.0524   0.01644  0.006286   0.07512        10       640      0.14    0.4768    0.3898    0.1968   0.03879  0.009182  0.003867
    29/199     3.13G   0.05405   0.01575  0.006406   0.07621        13       640    0.2096    0.4509    0.4202    0.1992   0.03934  0.009597  0.004717
    30/199     3.13G   0.04944   0.01393  0.006064   0.06943         8       640    0.1755    0.4372    0.3818    0.1671   0.04205  0.009057  0.003104
    31/199     3.13G   0.04795   0.01545  0.006198    0.0696        18       640    0.4689    0.5854    0.5704    0.2334   0.03741  0.009253  0.003122
    32/199     3.13G   0.05084   0.01483  0.006268   0.07194        14       640    0.1915    0.3874    0.3272    0.1457   0.04364   0.01098  0.004008
    33/199     3.13G   0.04922   0.01514  0.006025   0.07038        14       640       0.5    0.5718    0.5561    0.3281    0.0352  0.009574  0.003412
    34/199     3.13G   0.04669   0.01481   0.00734   0.06884        11       640    0.4144    0.5963    0.5452    0.3025    0.0384  0.009804  0.004501
    35/199     3.13G   0.04978   0.01426  0.006253   0.07029        13       640    0.2703    0.4778    0.5132    0.2574   0.03417  0.008929  0.003214
    36/199     3.13G   0.04939   0.01441  0.006053   0.06985        15       640    0.4778    0.5969     0.613    0.2681   0.03923  0.008155  0.003063
    37/199     3.13G   0.04833   0.01466  0.007572   0.07057        12       640    0.2471    0.4674    0.4471    0.2535   0.03627  0.007902  0.002746
    38/199     3.13G   0.04393   0.01394  0.005852   0.06372         9       640    0.5728     0.603    0.7294    0.3286   0.03079  0.008298   0.00238
    39/199     3.13G   0.04321   0.01377  0.005172   0.06215         9       640    0.5691    0.5623    0.6897     0.367   0.03089  0.008463  0.003213
    40/199     3.13G   0.04644   0.01398  0.006816   0.06724        12       640    0.7285    0.7219    0.8081    0.4529   0.03164   0.01004  0.004251
    41/199     3.13G   0.04206   0.01475  0.008911   0.06572        20       640    0.7383    0.7264    0.6443    0.3634   0.03229  0.009274  0.003065
    42/199     3.13G   0.04649   0.01545  0.005605   0.06754        10       640    0.5056     0.582    0.7906    0.3397   0.03288  0.008528  0.002925
    43/199     3.13G   0.04094   0.01424  0.005116    0.0603         8       640    0.5496    0.6075    0.8018    0.4646   0.02982  0.008156  0.002859
    44/199     3.13G   0.04358   0.01424  0.004282   0.06211        13       640    0.5095    0.6215    0.8317    0.4189   0.03016  0.008223  0.002676
    45/199     3.13G   0.04178   0.01365  0.005862   0.06129        10       640    0.5511    0.6018    0.8067    0.3827   0.02853  0.007818  0.002448
    46/199     3.13G   0.04003   0.01409  0.004378    0.0585        11       640    0.5957    0.5821    0.7264    0.4164   0.02713  0.007928  0.002285
    47/199     3.13G   0.04287   0.01351  0.005094   0.06147        10       640    0.5914    0.5995    0.7985    0.5155   0.02799  0.007909  0.002201
    48/199     3.13G   0.04193   0.01396  0.004934   0.06082        12       640    0.5349    0.6245    0.7578    0.4105   0.02685  0.007511  0.002446
    49/199     3.13G   0.03765   0.01394   0.00443   0.05602        12       640    0.5577    0.6215    0.7959    0.4901   0.02751   0.00703  0.002239
    50/199     3.13G   0.03755   0.01278  0.005094   0.05542         9       640     0.606    0.6949    0.8536    0.5025   0.02694  0.007066  0.002014
    51/199     3.13G   0.04025   0.01406  0.004142   0.05845        10       640    0.5794    0.7384    0.7517    0.4582   0.02717  0.007167  0.001933
    52/199     3.13G   0.03885   0.01293  0.005183   0.05697        14       640    0.3624    0.7453    0.7174    0.4226   0.02763  0.007281  0.001875
    53/199     3.13G   0.03761   0.01318  0.004967   0.05576        13       640    0.3931    0.7322    0.7522    0.4334   0.02547  0.007831  0.002245
    54/199     3.13G   0.03552   0.01321  0.004488   0.05321        11       640    0.3405    0.7464    0.7029    0.3795    0.0284  0.007188  0.002005
    55/199     3.13G   0.03475   0.01324  0.004304    0.0523        11       640    0.3945    0.7349    0.6919    0.4031   0.02364  0.006966  0.001839
    56/199     3.13G    0.0398   0.01254   0.00419   0.05653         7       640    0.4022    0.7453    0.8614    0.5129   0.02528  0.006662  0.001777
    57/199     3.13G   0.03418   0.01178  0.003833   0.04979        12       640     0.705    0.8738     0.993    0.5586   0.02387  0.006596   0.00165
    58/199     3.13G   0.03587    0.0124  0.004751   0.05302        13       640    0.7682    0.9889    0.9874    0.4846   0.02265  0.006784  0.001644
    59/199     3.13G   0.03229   0.01263  0.003018   0.04794        14       640    0.6523    0.8715    0.8172    0.5772   0.02239  0.006535  0.001608
    60/199     3.13G   0.03462    0.0124  0.003889   0.05091        11       640    0.6549    0.9953    0.9903    0.5741   0.02189   0.00699   0.00158
    61/199     3.13G   0.03414   0.01225  0.003219   0.04961         8       640    0.6512    0.9953     0.993    0.5424   0.02233  0.006557  0.001504
    62/199     3.13G   0.03328   0.01237  0.002822   0.04847         8       640    0.4635    0.7488    0.6344    0.3512   0.02409   0.00643  0.001481
    63/199     3.13G   0.03391    0.0121  0.004179   0.05018        19       640    0.5272    0.8715    0.8829    0.4427   0.02472   0.00632  0.001564
    64/199     3.13G   0.03515   0.01224  0.004599   0.05199        11       640    0.5197         1    0.9897    0.4956   0.02172  0.006773  0.001481
    65/199     3.13G   0.03256    0.0114  0.004459   0.04842        10       640     0.424    0.9931    0.8579    0.3421   0.02751  0.007192  0.001403
    66/199     3.13G   0.03194   0.01204  0.004471   0.04845        12       640    0.5352         1    0.9942    0.5324   0.02162  0.006134  0.001367
    67/199     3.13G   0.03112   0.01227  0.003772   0.04716        14       640    0.5428         1    0.9948    0.4913   0.02208  0.006303  0.001487
    68/199     3.13G   0.03221   0.01211  0.003077    0.0474         6       640    0.4567         1    0.7749    0.4084   0.01977   0.00617  0.001479
    69/199     3.13G   0.03295   0.01204  0.004164   0.04915         8       640    0.4809    0.9988    0.9502    0.5822   0.02271  0.006417  0.001363
    70/199     3.13G   0.03469   0.01206  0.002499   0.04925         8       640    0.5349    0.8738    0.9016    0.5185    0.0224  0.006072  0.001303
    71/199     3.13G   0.03609   0.01156  0.003614   0.05126        11       640    0.5607    0.8905    0.8343    0.5188   0.02351  0.006328  0.001411
    72/199     3.13G   0.03347   0.01258  0.004622   0.05067        13       640    0.5275         1    0.9509    0.6198   0.02117  0.006259  0.001448
    73/199     3.13G   0.03069    0.0119  0.003543   0.04613         7       640    0.6056         1    0.9907     0.579   0.02178  0.006047  0.001325
    74/199     3.13G   0.03081   0.01161  0.002918   0.04533        12       640    0.7092    0.9953    0.9921    0.6706   0.02092  0.006241  0.001353
    75/199     3.13G   0.03194   0.01164  0.002832   0.04642        16       640     0.581    0.9988    0.9111    0.5505   0.02026  0.006006  0.001359
    76/199     3.13G   0.02912   0.01127  0.003343   0.04374         8       640    0.5214    0.9988    0.9319    0.5054   0.01977  0.005882   0.00122
    77/199     3.13G   0.03039   0.01156  0.002033   0.04398        13       640    0.5216         1    0.8493    0.4759   0.02096  0.005648   0.00114
    78/199     3.13G    0.0316   0.01104  0.003191   0.04583         9       640    0.5437    0.9965     0.807    0.4805   0.01953  0.005533  0.001075
    79/199     3.13G   0.02984   0.01217  0.002634   0.04463         9       640    0.5009         1    0.9949    0.5324   0.01867  0.005613  0.001062
    80/199     3.13G   0.03072   0.01186  0.002687   0.04526        14       640     0.457         1     0.808    0.4855   0.02197  0.005961   0.00115
    81/199     3.13G   0.03064   0.01124  0.002589   0.04446         9       640    0.5042         1    0.9523    0.4884   0.02034  0.005817  0.001291
    82/199     3.13G      0.03    0.0115  0.002862   0.04437        13       640     0.546         1    0.9169    0.5375   0.02002  0.005555  0.001358
    83/199     3.13G    0.0315   0.01112  0.003591   0.04621         8       640    0.5591         1    0.9324    0.5191   0.01893  0.005552  0.001325
    84/199     3.13G   0.02915   0.01079  0.002725   0.04267        13       640    0.5056         1    0.8707    0.5151   0.01926  0.005435  0.001295
    85/199     3.13G   0.03044   0.01149  0.003377   0.04531        10       640    0.5338         1    0.7214    0.4467   0.01888  0.005533  0.001227
    86/199     3.13G   0.02666   0.01098  0.002503   0.04014        10       640    0.5591         1    0.8708    0.5783   0.01842  0.005158  0.001147
    87/199     3.13G   0.02968   0.01072  0.002364   0.04277         7       640    0.5851         1    0.9951    0.5414    0.0191  0.005234  0.001107
    88/199     3.13G   0.02864    0.0106  0.002451   0.04168        15       640    0.5454         1    0.9327    0.5766   0.01714  0.005265  0.001145
    89/199     3.13G   0.02692   0.01087   0.00183   0.03962         4       640    0.4919         1    0.9535    0.5841   0.01845  0.005352  0.001114
    90/199     3.13G   0.02791   0.01043  0.002974   0.04131        12       640     0.542         1    0.9952    0.6825   0.01902  0.005208  0.001076
    91/199     3.13G   0.02892   0.01087  0.003032   0.04282        15       640     0.635    0.9988     0.995    0.7343   0.01797  0.005428  0.001046
    92/199     3.13G   0.02708   0.01094  0.003994   0.04202        11       640    0.5409         1    0.9952    0.5701   0.01812   0.00506  0.000997
    93/199     3.13G   0.02782   0.01046  0.002341   0.04062        14       640    0.5538         1    0.9952    0.6563   0.01864  0.005279 0.0009947
    94/199     3.13G   0.02657   0.01006  0.002869    0.0395        12       640    0.5834         1    0.9952    0.6027    0.0174  0.005056 0.0009221
    95/199     3.13G   0.02747   0.01071  0.002198   0.04038        15       640    0.5786         1    0.9951    0.7056   0.01584  0.005044 0.0009192
    96/199     3.13G   0.02727   0.01027  0.001949   0.03949         8       640    0.5546         1    0.9951    0.6621   0.01729  0.005149 0.0009527
    97/199     3.13G   0.02664   0.01121   0.00316   0.04101        14       640    0.5798         1    0.9951    0.5159   0.01602  0.004969 0.0009935
    98/199     3.13G   0.02673   0.01047  0.002752   0.03995        11       640    0.6241         1    0.9951    0.6458   0.01642  0.005041  0.000978
    99/199     3.13G   0.02564   0.01131  0.002047     0.039        15       640    0.5869         1    0.9949     0.607   0.01619  0.004957 0.0009615
   100/199     3.13G   0.02734   0.01041  0.002474   0.04022        13       640    0.5525    0.9988    0.9951    0.5374   0.01683  0.004982  0.000965
   101/199     3.13G    0.0267    0.0102  0.002281   0.03918         8       640    0.6008         1    0.9953    0.6684   0.01518  0.004958 0.0009311
   102/199     3.13G   0.02548  0.009697  0.002384   0.03756         9       640    0.6009         1    0.9953    0.7338   0.01714  0.004944 0.0008854
   103/199     3.13G     0.026    0.0101  0.001742   0.03783        12       640    0.5557         1    0.9536    0.6475   0.01517   0.00498 0.0008652
   104/199     3.13G   0.02595   0.01004  0.001523   0.03751        14       640    0.5328         1    0.9925    0.6947   0.01738  0.004827 0.0008589
   105/199     3.13G   0.02651   0.00894  0.001821   0.03727        11       640    0.5525         1    0.9953    0.7225   0.01764  0.004836 0.0008756
   106/199     3.13G   0.02706  0.009813  0.002645   0.03951        10       640    0.5646         1    0.9953    0.6833   0.01595  0.004917 0.0009364
   107/199     3.13G   0.02518  0.009813  0.001687   0.03668        10       640    0.5516         1    0.9953    0.7248   0.01707  0.004828 0.0009358
   108/199     3.13G   0.02545   0.01022  0.002163   0.03783        14       640    0.5957         1    0.9954    0.7282   0.01472  0.004698 0.0009072
   109/199     3.13G   0.02512   0.01048  0.001835   0.03744        15       640    0.5938         1    0.9536    0.5664   0.01635  0.004833 0.0008544
   110/199     3.13G   0.02451  0.009886  0.001485   0.03588        14       640    0.6693         1    0.9953    0.7378   0.01512  0.004684  0.000831
   111/199     3.13G   0.02336  0.009398  0.001475   0.03423         8       640    0.7132         1    0.9954    0.7555   0.01472  0.004633 0.0008207
   112/199     3.13G    0.0252  0.009691  0.002163   0.03706        13       640    0.6301         1    0.9954    0.7332   0.01532  0.004546  0.000825
   113/199     3.13G   0.02337  0.009518  0.001541   0.03443        16       640    0.6313         1    0.9954    0.7302   0.01446  0.004452 0.0008069
   114/199     3.13G   0.02228  0.008635   0.00189    0.0328         9       640    0.6294         1    0.9953    0.7725   0.01411  0.004548 0.0007715
   115/199     3.13G   0.02369  0.009187  0.001298   0.03417        13       640    0.6208         1    0.9953    0.7575   0.01388  0.004493  0.000735
   116/199     3.13G   0.02498  0.009462  0.001324   0.03577        11       640    0.6156         1    0.9953    0.7141   0.01551  0.004517 0.0007393
   117/199     3.13G   0.02374   0.00957  0.001562   0.03487        20       640    0.6017         1    0.9536    0.6842   0.01401  0.004404 0.0007397
   118/199     3.13G   0.02362   0.01004  0.002199   0.03586        18       640    0.6175         1    0.9953    0.7181   0.01528  0.004537 0.0007235
   119/199     3.13G   0.02438  0.009079   0.00126   0.03472        12       640    0.6007         1    0.9537    0.6483   0.01383  0.004439 0.0007498
   120/199     3.13G   0.02327  0.009628  0.001577   0.03447        10       640    0.6208         1    0.9537    0.5645   0.01334  0.004274  0.000745
   121/199     3.13G   0.02314  0.009249  0.001803   0.03419        12       640    0.6291         1    0.9537    0.6288    0.0137  0.004342 0.0006933
   122/199     3.13G   0.02362  0.009697  0.001591   0.03491         9       640     0.669         1    0.9953    0.7484   0.01396  0.004329  0.000686
   123/199     3.13G   0.02399  0.009951  0.002216   0.03616        15       640    0.6567         1    0.9537    0.6811    0.0139  0.004318 0.0007133
   124/199     3.13G   0.02415  0.009252  0.001635   0.03504         9       640    0.6394         1    0.9954    0.6397   0.01442  0.004305 0.0007406
   125/199     3.13G    0.0208  0.009197  0.001195   0.03119        12       640     0.624         1    0.8707    0.6213   0.01405  0.004399  0.000732
   126/199     3.13G   0.02128  0.009395  0.001364   0.03204        14       640    0.7155         1    0.9954    0.7312   0.01322  0.004229 0.0007406
   127/199     3.13G   0.02233  0.009248  0.001708   0.03328        13       640    0.6919         1    0.9954    0.7416   0.01241  0.004093 0.0007342
   128/199     3.13G   0.02151  0.008999  0.001788   0.03229        13       640    0.6715         1    0.9954    0.7222   0.01321  0.004137 0.0007041
   129/199     3.13G   0.02317  0.009225  0.001487   0.03388        11       640    0.6621         1    0.9537    0.6477   0.01264  0.004039 0.0006706
   130/199     3.13G   0.02064  0.009107  0.001331   0.03108        12       640     0.674         1    0.9954    0.6818   0.01174   0.00412 0.0006418
   131/199     3.13G   0.02175  0.009012  0.001582   0.03235        17       640    0.6098         1    0.9954    0.6354   0.01269  0.004175 0.0006454
   132/199     3.13G    0.0217  0.008505   0.00134   0.03155        10       640    0.5911         1    0.9954    0.7355   0.01291  0.004141 0.0006717
   133/199     3.13G   0.02343  0.008983  0.001445   0.03386        11       640    0.5982         1    0.9954    0.7264   0.01325  0.004114 0.0007003
   134/199     3.13G   0.02149  0.009298   0.00169   0.03248        14       640    0.5748         1    0.9953    0.7468   0.01257  0.004146 0.0007367
   135/199     3.13G    0.0212  0.008531  0.001169    0.0309        13       640    0.5615         1    0.9953    0.7715   0.01198  0.004074 0.0007522
   136/199     3.13G   0.02095  0.008846  0.002416   0.03221        13       640     0.571         1    0.9954    0.7597   0.01217  0.004074 0.0007235
   137/199     3.13G   0.01967  0.008847  0.001464   0.02998         6       640    0.5945         1    0.9954    0.7557   0.01235  0.004122 0.0006665
   138/199     3.13G   0.01976  0.008824  0.001437   0.03002        15       640     0.609         1    0.9954    0.7481   0.01242  0.004036  0.000621
   139/199     3.13G   0.02057  0.007799   0.00108   0.02945         9       640    0.6002         1    0.9537    0.7526   0.01175  0.003973 0.0005984
   140/199     3.13G   0.02013  0.008246  0.002066   0.03044         8       640    0.6245         1    0.9954    0.7449   0.01209  0.004084 0.0005968
   141/199     3.13G   0.01961  0.008225  0.001198   0.02903        11       640    0.6615         1    0.9954    0.7444   0.01238  0.004072  0.000596
   142/199     3.13G   0.01949  0.008211  0.001903    0.0296        12       640    0.6892         1    0.9954    0.8193   0.01161  0.004011 0.0005938
   143/199     3.13G   0.01944  0.008207 0.0007706   0.02842        11       640    0.6916         1    0.9955    0.8263   0.01139  0.003912 0.0005858
   144/199     3.13G   0.02183   0.00949  0.002161   0.03348        10       640    0.6823         1    0.9955    0.7966   0.01195  0.003978 0.0005869
   145/199     3.13G   0.02138  0.009132 0.0009691   0.03148        12       640    0.6499         1    0.9955    0.7829   0.01141  0.003915 0.0005913
   146/199     3.13G   0.01836  0.008743  0.001894     0.029        11       640    0.6721         1    0.9954    0.7747   0.01094  0.003824 0.0005858
   147/199     3.13G   0.01948  0.009531  0.001425   0.03043        10       640    0.6897         1    0.9955    0.8506   0.01085  0.003771 0.0005804
   148/199     3.13G   0.02036  0.008526  0.001359   0.03025         9       640    0.6988         1    0.9955    0.8797   0.01125  0.003845  0.000568
   149/199     3.13G   0.02019  0.008645  0.001826   0.03066        12       640    0.7032         1    0.9954    0.8699   0.01157  0.003855 0.0005395
   150/199     3.13G   0.01885  0.007657  0.001079   0.02759        10       640    0.6659         1    0.9954    0.8018     0.011  0.003798 0.0005252
   151/199     3.13G   0.01965  0.008119  0.001714   0.02948        11       640     0.632         1    0.9954      0.83   0.01139  0.003855 0.0005261
   152/199     3.13G   0.01938  0.008684  0.001114   0.02918        12       640     0.674         1    0.9954    0.8664    0.0111  0.003655 0.0005282
   153/199     3.13G   0.01967  0.008569 0.0009393   0.02918        14       640    0.6706         1    0.9954    0.8216   0.01158  0.003688 0.0005292
   154/199     3.13G   0.01832  0.008594  0.001365   0.02828        12       640    0.6414         1    0.9955    0.8482   0.01032   0.00359 0.0005269
   155/199     3.13G   0.01841  0.008476    0.0019   0.02879        11       640    0.6045         1    0.9954    0.7725    0.0103  0.003627 0.0005105
   156/199     3.13G    0.0183  0.008026  0.001779   0.02811        12       640    0.5658         1    0.9954    0.6823    0.0107  0.003742 0.0005007
   157/199     3.13G   0.01719  0.007929  0.001319   0.02643        14       640     0.593         1    0.9955    0.7177    0.0105   0.00367 0.0004925
   158/199     3.13G   0.01898  0.008369  0.001116   0.02847        13       640    0.5863         1    0.9538    0.7263   0.01062  0.003667 0.0004764
   159/199     3.13G   0.01741  0.008049 0.0008517   0.02631         9       640    0.6232         1    0.9954    0.8284    0.0102  0.003592  0.000461
   160/199     3.13G   0.01931  0.008033  0.001003   0.02834         9       640    0.6155         1    0.9954    0.7293   0.01065  0.003698 0.0004495
   161/199     3.13G   0.01846   0.00729 0.0009605   0.02671         7       640    0.6273         1    0.9954    0.7556   0.01045  0.003719 0.0004546
   162/199     3.13G   0.01821  0.007725 0.0008531   0.02679         7       640    0.6412         1    0.9954     0.781   0.01014  0.003866 0.0004597
   163/199     3.13G   0.01938  0.008355   0.00132   0.02906         6       640    0.6757         1    0.9954    0.8456   0.01039   0.00361 0.0004483
   164/199     3.13G   0.01949  0.008077  0.001236   0.02881        10       640    0.6739         1    0.9954    0.7942   0.01008  0.003524 0.0004481
   165/199     3.13G   0.01756  0.007932  0.001442   0.02693        11       640    0.6365         1    0.9954    0.6692   0.01047  0.003569 0.0004445
   166/199     3.13G   0.01894  0.007967 0.0009884   0.02789         9       640    0.6376         1    0.9954    0.7329  0.009818  0.003473 0.0004376
   167/199     3.13G   0.01824  0.007385 0.0009356   0.02656        11       640     0.622         1    0.9537    0.7252   0.01042   0.00352 0.0004321
   168/199     3.13G   0.01887  0.008525  0.001076   0.02847         9       640    0.7044         1    0.9954    0.8032    0.0104  0.003527 0.0004258
   169/199     3.13G   0.01887  0.008632  0.001632   0.02913         9       640    0.6861         1    0.9954    0.8368  0.009615  0.003482 0.0004271
   170/199     3.13G   0.01844  0.008017 0.0007094   0.02717        15       640     0.664         1    0.9954    0.7145   0.00993  0.003429 0.0004279
   171/199     3.13G   0.01726    0.0082 0.0009587   0.02642        12       640    0.6629         1    0.9955    0.7596   0.00945  0.003403 0.0004266
   172/199     3.13G    0.0187  0.007602 0.0009934    0.0273        11       640    0.6406         1    0.9955    0.8282  0.009618  0.003398 0.0004351
   173/199     3.13G   0.01754  0.008318  0.001713   0.02757        18       640    0.6342         1    0.9955    0.8403  0.009898  0.003437  0.000436
   174/199     3.13G   0.01754  0.007591  0.001185   0.02632        10       640    0.6234         1    0.9956    0.8289  0.009954  0.003471 0.0004324
   175/199     3.13G   0.01839  0.008182 0.0007479   0.02732        11       640    0.5964         1    0.9956     0.829      0.01  0.003457 0.0004323
   176/199     3.13G   0.01634  0.007669  0.001129   0.02514         8       640      0.64         1    0.9956    0.7233  0.009691  0.003485 0.0004337
   177/199     3.13G   0.01666  0.007927  0.001229   0.02582        11       640    0.6422         1    0.9956    0.7625  0.009296  0.003413 0.0004258
   178/199     3.13G   0.01814  0.007438 0.0007973   0.02638        10       640    0.6688         1    0.9955    0.8325  0.009364  0.003372 0.0004128
   179/199     3.13G   0.01635  0.007496  0.001305   0.02515        14       640    0.6552         1    0.9955    0.8728  0.009335  0.003337  0.000403
   180/199     3.13G   0.01689   0.00808 0.0008115   0.02578        13       640    0.6794         1    0.9955    0.7945  0.009316  0.003368  0.000393
   181/199     3.13G   0.01611  0.007507  0.001077   0.02469        11       640    0.6855         1    0.9955    0.8286  0.009289  0.003278 0.0003882
   182/199     3.13G   0.01603  0.007315 0.0007584   0.02411        13       640    0.6227         1    0.9955    0.8394  0.009539  0.003281 0.0003856
   183/199     3.13G   0.01835  0.007677  0.001061   0.02709        15       640    0.6818         1    0.9955    0.8553  0.008937  0.003236 0.0003786
   184/199     3.13G   0.01713  0.007199  0.001237   0.02557         5       640    0.6772         1    0.9955     0.847  0.008804  0.003259 0.0003748
   185/199     3.13G   0.01628  0.007624 0.0007274   0.02463        15       640    0.6724         1    0.9955    0.8633  0.009049  0.003322 0.0003737
   186/199     3.13G   0.01619  0.007585 0.0006096   0.02438        12       640    0.6694         1    0.9955     0.807  0.008734  0.003379 0.0003727
   187/199     3.13G   0.01588  0.006882  0.001856   0.02462        15       640    0.6743         1    0.9955    0.8423  0.009461  0.003386 0.0003784
   188/199     3.13G   0.01661  0.007711 0.0009325   0.02525        15       640    0.6567         1    0.9956    0.8657  0.008905  0.003364 0.0003817
   189/199     3.13G   0.01704  0.008219  0.001097   0.02636        14       640    0.6512         1    0.9956    0.8275  0.009305  0.003492 0.0003794
   190/199     3.13G   0.01709  0.008157  0.001089   0.02634        10       640    0.6614         1    0.9955    0.8636  0.009009  0.003383 0.0003729
   191/199     3.13G   0.01625  0.007864  0.001138   0.02525        10       640    0.6922         1    0.9955    0.8476  0.008941  0.003281 0.0003751
   192/199     3.13G   0.01649  0.007753 0.0008997   0.02514        11       640       0.7         1    0.9956    0.8811  0.008908  0.003254 0.0003769
   193/199     3.13G    0.0162  0.007398 0.0008722   0.02447        14       640    0.7027         1    0.9956    0.8691  0.009315  0.003308   0.00037
   194/199     3.13G   0.01652  0.007184  0.001104   0.02481        10       640    0.7202         1    0.9956    0.8309  0.008882  0.003272 0.0003682
   195/199     3.13G   0.01678  0.007472 0.0008239   0.02508         9       640    0.7194         1    0.9956    0.8374  0.008945  0.003292 0.0003669
   196/199     3.13G   0.01626   0.00827 0.0008655    0.0254        12       640     0.692         1    0.9956    0.7871  0.009015  0.003235 0.0003694
   197/199     3.13G   0.01513  0.007196 0.0006492   0.02298         5       640    0.6688         1    0.9956     0.803  0.008763  0.003256 0.0003749
   198/199     3.13G   0.01565  0.007471 0.0007105   0.02383        13       640    0.6747         1    0.9955    0.8358  0.009005  0.003196 0.0003717
   199/199     3.13G   0.01521  0.007099 0.0006431   0.02296        13       640    0.6961         1    0.9955    0.8864  0.008854  0.003179 0.0003653
