     0/199     2.46G    0.1259   0.03387   0.06114    0.2209         8       640         0         0 0.0008937 8.937e-05   0.09371   0.02547   0.04539
     1/199     2.53G    0.1175   0.02691   0.05762    0.2021         3       640         0         0  0.001765 0.0001765   0.09273   0.02485   0.04456
     2/199     2.53G    0.1066   0.02718   0.05416    0.1879         1       640         0         0  0.001685 0.0003424   0.09093   0.02445   0.04337
     3/199     2.53G     0.116   0.02702   0.05571    0.1988         1       640         0         0  0.001993 0.0005302   0.08891   0.02414   0.04199
     4/199     2.53G    0.1138   0.02747   0.05348    0.1947         2       640         0         0  0.001897 0.0004888   0.08651   0.02386   0.04038
     5/199     2.53G    0.1164   0.02928   0.05387    0.1995         6       640         0         0  0.004932 0.0008535   0.08346   0.02368    0.0388
     6/199     2.53G    0.1058   0.02807   0.04953    0.1834         3       640         0         0  0.006925  0.001506   0.07994   0.02368   0.03736
     7/199     2.53G    0.1049    0.0276   0.04715    0.1796         2       640         0         0  0.008748  0.001667   0.07528   0.02386   0.03602
     8/199     2.53G    0.1044   0.03203   0.05106    0.1875         4       640         0         0   0.01492  0.002826   0.07102   0.02395   0.03492
     9/199     2.53G   0.09409   0.02741   0.04349     0.165         1       640         0         0   0.01956  0.004379   0.06638   0.02383   0.03333
    10/199     2.53G   0.08172   0.03021   0.03956    0.1515         1       640         0         0   0.02728  0.004974    0.0625   0.02394   0.03169
    11/199     2.53G   0.08135   0.03162   0.03955    0.1525         1       640         0         0   0.04307  0.007824   0.05871   0.02413   0.03004
    12/199     2.53G   0.08628   0.03164   0.03788    0.1558         1       640         0         0    0.0591   0.01111   0.05645   0.02419    0.0289
    13/199     2.53G   0.08475   0.03041   0.03853    0.1537         1       640         0         0    0.1005   0.01873   0.05479   0.02405   0.02748
    14/199     2.53G    0.0819   0.03466   0.03587    0.1524         4       640         0         0    0.1188   0.02442   0.05377    0.0238   0.02579
    15/199     2.53G   0.07036   0.02735   0.03025     0.128         1       640         1   0.01887    0.1415   0.03014   0.05158   0.02384   0.02414
    16/199     2.53G   0.07559    0.0373   0.03164    0.1445         4       640    0.7093   0.01887    0.1227   0.03211   0.05008   0.02373   0.02272
    17/199     2.53G   0.08343   0.03014   0.03052    0.1441         2       640    0.5578   0.02541    0.1911   0.03946   0.04915   0.02361   0.02116
    18/199     2.53G   0.07128   0.02478   0.02636    0.1224         1       640    0.5521   0.03774    0.2063   0.04297   0.04793   0.02348   0.01946
    19/199     2.53G   0.06772   0.03233   0.02475    0.1248         2       640    0.5562    0.0566    0.2229    0.0474   0.04792   0.02312   0.01785
    20/199     2.53G   0.07221   0.02987   0.02301    0.1251         1       640    0.3607    0.0566    0.2287   0.05135   0.04816   0.02263   0.01625
    21/199     2.53G   0.06639   0.02924   0.02173    0.1174         2       640    0.5175    0.1132    0.2856   0.06622   0.04626   0.02245   0.01479
    22/199     2.53G   0.06497   0.02742   0.02015    0.1125         1       640    0.5051    0.1887     0.306   0.08037   0.04554   0.02201   0.01349
    23/199     2.53G   0.07019   0.03557   0.01865    0.1244         3       640    0.4966    0.3396    0.3378    0.0887   0.04469   0.02169   0.01211
    24/199     2.53G   0.06448   0.02804   0.01786    0.1104         3       640    0.3824    0.4151    0.3693   0.09277   0.04404   0.02114   0.01077
    25/199     2.53G    0.0691    0.0283   0.01666    0.1141         1       640    0.2968    0.5283    0.4125    0.1198   0.04246   0.02072  0.009559
    26/199     2.53G   0.04947    0.0248   0.01217   0.08644         1       640    0.2709     0.717    0.4764    0.1382   0.04051   0.02015  0.008582
    27/199     2.53G   0.06331   0.02526   0.01261    0.1012         1       640    0.2194    0.8113     0.468    0.1464   0.04041   0.01972  0.007686
    28/199     2.53G   0.05713   0.02572   0.01197   0.09481         1       640    0.1749    0.8113    0.4956     0.158   0.04012   0.01925  0.006949
    29/199     2.53G   0.06295   0.02522   0.01073    0.0989         1       640     0.141    0.8491     0.472    0.1365   0.04073   0.01857  0.006311
    30/199     2.53G   0.06154   0.02607   0.01074   0.09835         2       640    0.1432    0.8679    0.5556    0.2077   0.03675   0.01864  0.005722
    31/199     2.53G   0.06053   0.02312  0.009772   0.09342         1       640    0.1403    0.9057    0.5973    0.2261   0.03553   0.01827  0.005156
    32/199     2.53G   0.05765   0.02777  0.009405   0.09483         3       640    0.1094    0.9057    0.5156    0.1916   0.03713   0.01799  0.004657
    33/199     2.53G   0.05454    0.0225  0.008574   0.08562         2       640   0.09354    0.9057    0.3486   0.09867   0.03962   0.01765  0.004247
    34/199     2.53G   0.05221   0.02828  0.007303    0.0878         3       640    0.1125    0.9245    0.5822    0.2367   0.03483   0.01757  0.003925
    35/199     2.53G   0.05198   0.02594  0.007032   0.08495         0       640    0.1324    0.9245    0.7316    0.3201   0.03177   0.01722  0.003689
    36/199     2.53G   0.05221   0.02745  0.006971   0.08663         3       640    0.1086    0.9434     0.473    0.1103   0.04472    0.0166  0.003488
    37/199     2.53G   0.06468   0.02778  0.007058   0.09951         3       640   0.06586    0.9057    0.2026   0.04254   0.04787   0.01616  0.003325
    38/199     2.53G   0.05729   0.01923  0.005185   0.08171         0       640   0.09665    0.9434    0.3917    0.1414   0.05016   0.01523  0.003216
    39/199     2.53G   0.06401   0.01867  0.006345   0.08903         1       640    0.1192    0.9434    0.4766    0.1616    0.0469   0.01472  0.003118
    40/199     2.53G   0.06304   0.02869  0.006064   0.09779         4       640    0.1065    0.9245    0.3824    0.1246   0.04534   0.01448  0.002989
    41/199     2.53G   0.05569     0.025  0.005162   0.08585         1       640     0.139    0.9434    0.5958    0.2192   0.03926   0.01471   0.00291
    42/199     2.53G   0.05519   0.02454  0.005649   0.08538         3       640    0.1411    0.9434    0.5188    0.1801   0.04654   0.01375  0.002817
    43/199     2.53G   0.06276   0.01933  0.005041   0.08713         3       640    0.1277    0.9434    0.3574   0.09542   0.04712   0.01344  0.002782
    44/199     2.53G   0.05856   0.02088  0.004572   0.08401         2       640     0.158    0.9434    0.5967    0.2774   0.04091   0.01413  0.002751
    45/199     2.53G   0.06001   0.03033  0.005425   0.09577         5       640    0.1955    0.9623       0.7     0.286   0.03431   0.01439  0.002733
    46/199     2.53G   0.05152   0.02567  0.004232   0.08142         5       640    0.1932    0.9623    0.7427    0.3333   0.03494   0.01417  0.002635
    47/199     2.53G   0.04742   0.02385  0.004405   0.07568         2       640    0.1774    0.9623    0.6705     0.232    0.0388   0.01347  0.002546
    48/199     2.53G   0.05254   0.02037  0.003777   0.07668         2       640    0.1842    0.9811    0.7312    0.3423   0.04089   0.01336  0.002445
    49/199     2.53G   0.04621   0.02118  0.003148   0.07054         0       640   0.08877    0.9434    0.5899    0.1917   0.05057   0.01279  0.002306
    50/199     2.53G   0.05926   0.01867  0.003758   0.08168         1       640    0.1312    0.9623    0.6197    0.1497   0.04708   0.01292  0.002247
    51/199     2.53G   0.05136   0.01753   0.00311     0.072         1       640    0.1422    0.9623    0.4621    0.1207   0.04501   0.01275  0.002259
    52/199     2.53G   0.05762   0.01813  0.003729   0.07949         1       640    0.1372    0.9623     0.643    0.2503   0.04489   0.01246  0.002268
    53/199     2.53G   0.06466   0.02113  0.004056   0.08985         3       640    0.2193    0.9623    0.7469    0.3023   0.04173   0.01262  0.002333
    54/199     2.53G   0.05665   0.02197  0.004644   0.08326         4       640    0.2335    0.9623    0.7869    0.3483   0.03491   0.01293  0.002333
    55/199     2.53G   0.05276   0.01994   0.00346   0.07616         1       640    0.2015    0.9434    0.7426    0.1862   0.03788   0.01254  0.002296
    56/199     2.53G   0.05433   0.01948  0.003901   0.07771         1       640     0.174    0.9623    0.5633    0.2224   0.04079   0.01219  0.002197
    57/199     2.53G    0.0535   0.02063   0.00427    0.0784         2       640    0.2094    0.9623    0.7606    0.3373   0.03287   0.01255  0.002091
    58/199     2.53G   0.04899   0.02302  0.003497    0.0755         2       640    0.1915    0.9623    0.7878    0.3947   0.03423   0.01227  0.001991
    59/199     2.53G   0.05475   0.02334  0.003728   0.08181         3       640    0.1399    0.9623    0.4789     0.139    0.0407   0.01201  0.001902
    60/199     2.53G   0.05402   0.02127  0.003049   0.07835         3       640     0.136    0.9434    0.5237    0.1229   0.04831   0.01138  0.001831
    61/199     2.53G   0.06512   0.02043  0.003738   0.08929         4       640    0.2117    0.9623    0.7095    0.1918   0.04349   0.01168   0.00189
    62/199     2.53G   0.05654   0.01902   0.00298   0.07853         1       640    0.1116    0.8491     0.351   0.09685   0.05517   0.01083  0.001899
    63/199     2.53G   0.06112   0.02033  0.003093   0.08455         4       640    0.1731    0.9434    0.5944    0.1731   0.04359   0.01121  0.001975
    64/199     2.53G   0.05756   0.01902  0.003118    0.0797         2       640    0.1938    0.9623    0.5886    0.2611   0.04342   0.01134  0.001998
    65/199     2.53G   0.06216   0.01958  0.003384   0.08512         3       640    0.2263    0.9623    0.7289    0.2519   0.04161   0.01134  0.002042
    66/199     2.53G   0.04768   0.01884  0.002713   0.06924         0       640    0.2068    0.9623    0.5918    0.2133   0.04392   0.01082  0.001987
    67/199     2.53G   0.06319   0.01761  0.003041   0.08385         4       640    0.1886    0.9623    0.5392    0.1158   0.04474   0.01111  0.002035
    68/199     2.53G   0.05237   0.02072  0.003101   0.07619         4       640    0.1598    0.9623    0.6562    0.2729   0.04941   0.01063  0.002052
    69/199     2.53G   0.05273   0.01972  0.002859   0.07531         1       640    0.2678    0.9623    0.8278    0.3222   0.03626   0.01114  0.002076
    70/199     2.53G    0.0527   0.01838  0.002987   0.07407         3       640    0.2458    0.9623    0.4926    0.1677   0.04036   0.01078  0.002034
    71/199     2.53G   0.05811   0.01951  0.003647   0.08127         2       640    0.2221    0.9623    0.4642     0.155   0.04334   0.01061  0.002076
    72/199     2.53G   0.05587   0.02054  0.003386   0.07979         5       640    0.2218    0.9623    0.6878    0.2787    0.0418   0.01046  0.002102
    73/199     2.53G   0.05713   0.01796  0.003583   0.07867         3       640    0.2458    0.9623    0.6781    0.3019   0.03774   0.01061  0.002156
    74/199     2.53G   0.05544    0.0181  0.003379   0.07692         1       640    0.2287    0.9623    0.6871    0.2277   0.04283   0.01031  0.002244
    75/199     2.53G   0.04782   0.01692  0.002499   0.06724         0       640     0.276    0.9623    0.7557    0.3547   0.03822   0.01055  0.002299
    76/199     2.53G   0.05103   0.01587  0.003006   0.06991         2       640    0.2128    0.9623    0.7614    0.3875   0.04362  0.009912  0.002183
    77/199     2.53G   0.05982   0.01704  0.003289   0.08015         1       640    0.2147    0.9623    0.7457    0.3108   0.04323  0.009836  0.002129
    78/199     2.53G   0.05217   0.01828  0.002914   0.07336         3       640    0.1834    0.9623    0.7167    0.1989    0.0471   0.00963  0.001996
    79/199     2.53G   0.05724   0.01595  0.002957   0.07614         2       640    0.2388    0.9623    0.8348     0.346   0.03918  0.009831  0.002021
    80/199     2.53G   0.04909   0.01539  0.002635   0.06712         1       640    0.2386    0.9811    0.8625    0.3026   0.04485  0.009451  0.001966
    81/199     2.53G   0.05486   0.01653  0.002773   0.07416         3       640    0.2946    0.9811    0.9252    0.5878   0.03625  0.009624  0.001973
    82/199     2.53G   0.05263   0.01637  0.002907   0.07191         2       640    0.2286    0.9811    0.7394    0.3051   0.03486  0.009866  0.001941
    83/199     2.53G   0.05188   0.01749  0.002829    0.0722         1       640    0.2318    0.9811    0.7861    0.3408   0.03839  0.009519  0.001926
    84/199     2.53G   0.04659   0.01621  0.002599   0.06541         2       640    0.3368    0.9811    0.9656    0.5614   0.03024  0.009624  0.001941
    85/199     2.53G   0.04083     0.017  0.002593   0.06042         0       640    0.2547    0.9811    0.8654    0.2143   0.04049  0.009541  0.001834
    86/199     2.53G   0.05707   0.01956  0.003094   0.07972         4       640    0.2536    0.9811    0.7604    0.3845   0.04266  0.009239  0.001804
    87/199     2.53G     0.054   0.01375  0.002204   0.06995         1       640    0.2275    0.9811    0.6447    0.2428   0.04412  0.008884  0.001923
    88/199     2.53G   0.05281   0.01633  0.002735   0.07188         2       640      0.29    0.9811    0.7433    0.4502   0.03542  0.009148  0.002037
    89/199     2.53G   0.04706    0.0167  0.003089   0.06685         2       640    0.4201    0.9811    0.8825    0.5856   0.03326  0.009412  0.002133
    90/199     2.53G   0.05325   0.01528  0.002981   0.07151         2       640    0.5088    0.9811    0.9474    0.6237   0.02853  0.009356   0.00206
    91/199     2.53G   0.04489   0.01715  0.003081   0.06512         2       640    0.2634    0.9811    0.6349     0.264   0.05122  0.008678  0.001849
    92/199     2.53G   0.07399   0.01492  0.002663   0.09157         3       640    0.2406    0.9811    0.6506    0.4489   0.04404  0.008606  0.001902
    93/199     2.53G   0.05643   0.01479   0.00292   0.07414         1       640    0.3024    0.9811    0.8613     0.485   0.03718  0.008883   0.00196
    94/199     2.53G   0.04297   0.01767  0.002649    0.0633         2       640    0.3499    0.9811    0.8922    0.5742   0.03257  0.009133  0.001979
    95/199     2.53G   0.04938   0.02271  0.002779   0.07487         5       640    0.2419         1    0.8368    0.4362   0.03601  0.008887  0.001938
    96/199     2.53G   0.05261   0.01521     0.003   0.07082         1       640     0.284         1    0.8195    0.3021   0.03899  0.008941   0.00202
    97/199     2.53G   0.05755   0.01922  0.003008   0.07978         8       640    0.2966         1    0.8844    0.6175   0.03706  0.008775  0.002097
    98/199     2.53G   0.04949   0.01676  0.003039   0.06929         2       640    0.3361         1    0.8907    0.6167    0.0355  0.008915  0.002113
    99/199     2.53G     0.041   0.01892  0.003016   0.06293         4       640    0.3864         1    0.9402    0.6785   0.03112  0.008942  0.002114
   100/199     2.53G   0.04016   0.01956  0.002881    0.0626         4       640    0.3785         1    0.9742    0.4507   0.03148  0.008854  0.001912
   101/199     2.53G   0.04443   0.01293  0.002714   0.06007         2       640    0.2618         1    0.9537     0.431   0.04144  0.008387  0.001939
   102/199     2.53G   0.05297    0.0185  0.003082   0.07455         4       640    0.2936         1    0.9432    0.5134   0.03698  0.008357  0.002075
   103/199     2.53G   0.04569   0.01539  0.002996   0.06408         2       640    0.4095         1    0.9568    0.6441   0.02907  0.008655  0.002177
   104/199     2.53G   0.04121   0.01961  0.003246   0.06406         2       640    0.4524         1    0.9602    0.6144   0.02711  0.008729  0.002199
   105/199     2.53G   0.03683   0.01399   0.00303   0.05386         1       640    0.3542         1    0.8229    0.3902   0.03126  0.008593  0.002113
   106/199     2.53G    0.0474    0.0171   0.00308   0.06758         2       640    0.3436         1    0.8402     0.489     0.035  0.008343  0.002114
   107/199     2.53G   0.05303   0.01539  0.002861   0.07128         5       640    0.3436         1    0.8402     0.489     0.035  0.008347  0.002114
   108/199     2.53G   0.05173   0.01608  0.002743   0.07056         4       640    0.2848         1    0.7244    0.3767   0.03999  0.008212  0.002142
   109/199     2.53G   0.05168   0.01527  0.002829   0.06978         1       640    0.2837         1    0.7088    0.3484   0.03887  0.008282  0.002175
   110/199     2.53G   0.05391   0.01475  0.002805   0.07147         2       640    0.3127         1    0.7178    0.3612   0.03674  0.008383  0.002228
   111/199     2.53G   0.04864   0.01595  0.003232   0.06782         3       640    0.3327         1    0.7225    0.3938   0.03351  0.008497  0.002294
   112/199     2.53G    0.0432   0.01346  0.002749   0.05941         1       640    0.3717         1    0.8284    0.4832   0.02898  0.008632  0.002353
   113/199     2.53G    0.0428   0.01759  0.003062   0.06345         4       640    0.4232         1    0.9333     0.574   0.02486  0.008728  0.002369
   114/199     2.53G   0.03329    0.0176  0.002792   0.05368         4       640    0.5266         1    0.9831    0.6502   0.02193   0.00879  0.002373
   115/199     2.53G   0.03997   0.01642  0.002974   0.05936         3       640    0.5395         1    0.9774    0.5425   0.02491  0.008666  0.002288
   116/199     2.53G    0.0375   0.01696  0.003356   0.05782         2       640    0.5336         1    0.9744    0.5452   0.02525   0.00852  0.002185
   117/199     2.53G   0.02774   0.01526  0.002605   0.04561         1       640    0.6043         1    0.9923    0.6594   0.02205    0.0084   0.00207
   118/199     2.53G   0.03768   0.01723  0.002468   0.05738         2       640    0.6333         1    0.9926    0.7137   0.02179  0.008339  0.001963
   119/199     2.53G   0.03482   0.01615   0.00244   0.05341         2       640    0.6063         1    0.9934    0.7293   0.02088  0.008303  0.001844
   120/199     2.53G    0.0327   0.01969  0.002458   0.05484         2       640    0.5853         1    0.9934    0.7372   0.01983  0.008304  0.001732
   121/199     2.53G   0.02942   0.01237  0.002147   0.04393         1       640    0.5511         1    0.9934     0.737    0.0198  0.008223  0.001643
   122/199     2.53G   0.03131   0.01626  0.002445   0.05001         4       640    0.5497         1     0.994    0.7398   0.01977  0.008133  0.001567
   123/199     2.53G     0.034   0.01319  0.002224   0.04942         2       640    0.5765         1     0.994    0.7576   0.01865  0.007984  0.001492
   124/199     2.53G   0.03037   0.01461  0.001925   0.04691         1       640    0.5662         1     0.994    0.7344   0.01789  0.007866  0.001429
   125/199     2.53G   0.03112   0.01704  0.001961   0.05012         2       640    0.5691         1     0.994    0.7203   0.01802  0.007812  0.001389
   126/199     2.53G   0.03233    0.0137  0.002216   0.04825         1       640    0.5649         1    0.9943     0.767   0.02009  0.007796  0.001351
   127/199     2.53G   0.03672   0.01436  0.002092   0.05317         1       640    0.5209         1    0.9947    0.7364   0.02304  0.007971  0.001315
   128/199     2.53G   0.03327   0.01642  0.001928   0.05162         4       640    0.5436         1    0.9913     0.792   0.02056  0.007836  0.001291
   129/199     2.53G   0.03203   0.01285   0.00203   0.04691         1       640    0.5976         1     0.995    0.7134   0.01774   0.00759  0.001287
   130/199     2.53G   0.03606   0.01686  0.002062   0.05497         1       640    0.6193         1     0.995    0.7576   0.01647  0.007433   0.00128
   131/199     2.53G   0.03216   0.01475  0.001855   0.04876         1       640     0.386         1    0.9294    0.3488   0.03368  0.008225  0.001283
   132/199     2.53G   0.04586   0.01395  0.001903   0.06171         1       640     0.386         1    0.9294    0.3488   0.03368  0.008225  0.001283
   133/199     2.53G   0.04652   0.01646   0.00183   0.06482         4       640    0.3325         1    0.7583    0.2324   0.03634   0.00819  0.001286
   134/199     2.53G   0.04455   0.01574   0.00206   0.06235         4       640    0.4912         1    0.8174    0.4679   0.02839  0.007695  0.001312
   135/199     2.53G   0.04239   0.01272    0.0021   0.05721         1       640    0.4734         1    0.8187    0.4375    0.0285  0.007697  0.001317
   136/199     2.53G   0.04135   0.01402   0.00176   0.05714         1       640    0.3588         1    0.6856    0.1876   0.03088  0.007733  0.001341
   137/199     2.53G   0.04486   0.01457   0.00193   0.06135         3       640    0.3791         1    0.7409      0.36   0.03287   0.00761  0.001384
   138/199     2.53G   0.04765    0.0188  0.001901   0.06835         5       640    0.2888         1    0.6831    0.1567   0.04253  0.007474   0.00155
   139/199     2.53G   0.05242   0.01179  0.001989    0.0662         1       640    0.2888         1    0.6831    0.1567   0.04253  0.007474   0.00155
   140/199     2.53G    0.0647    0.0118  0.002114   0.07862         1       640    0.2091    0.9811    0.4444    0.1075   0.05229   0.00727  0.001706
   141/199     2.53G   0.06798   0.01161  0.002546   0.08214         1       640    0.2029    0.9623    0.4708    0.1115   0.05059   0.00741  0.001911
   142/199     2.53G   0.06739   0.01367   0.00318   0.08424         3       640    0.2795         1    0.6908    0.2139   0.04207  0.007999   0.00215
   143/199     2.53G   0.05791   0.01633  0.002819   0.07707         1       640    0.4552         1    0.8792    0.4249   0.03114  0.008829  0.002426
   144/199     2.53G   0.05239   0.01923  0.003242   0.07486         2       640    0.4815         1     0.814    0.4616   0.02712  0.008319  0.002454
   145/199     2.53G   0.03996   0.01757  0.003463   0.06099         2       640    0.4764         1    0.7917    0.3527   0.02668  0.008066  0.002369
   146/199     2.53G   0.03732   0.01956  0.005127   0.06201         1       640    0.4764         1    0.7917    0.3527   0.02668  0.008066  0.002369
   147/199     2.53G   0.04315     0.015  0.003132   0.06129         1       640    0.3891         1    0.6378    0.3923   0.03185  0.008004  0.002332
   148/199     2.53G   0.04228   0.01545  0.003067   0.06079         1       640    0.3703         1    0.6375    0.3961   0.03172  0.007996  0.002244
   149/199     2.53G   0.03613   0.01458  0.002854   0.05357         1       640    0.3926         1    0.8434    0.4936   0.02516  0.007857  0.002078
   150/199     2.53G    0.0317   0.01424  0.002417   0.04836         0       640    0.4464         1    0.9433     0.619   0.02236  0.007752   0.00185
   151/199     2.53G   0.03739   0.01548  0.002265   0.05513         2       640    0.2806         1    0.7936    0.5258   0.02806  0.007932  0.001778
   152/199     2.53G   0.04267   0.01705  0.002591   0.06232         2       640    0.2667         1     0.826    0.2455   0.03453  0.008112  0.001736
   153/199     2.53G   0.04924   0.01347  0.002361   0.06507         1       640    0.2667         1     0.826    0.2455   0.03453  0.008112  0.001736
   154/199     2.53G   0.04378   0.01385  0.002297   0.05993         1       640    0.2629         1    0.7846    0.1686   0.03741  0.008181  0.001723
   155/199     2.53G   0.05227   0.01463  0.002544   0.06944         2       640    0.2629         1    0.7846    0.1686   0.03741  0.008181  0.001723
   156/199     2.53G   0.04799   0.01491  0.002284   0.06519         2       640    0.2974         1    0.8351    0.1936   0.03391  0.008009  0.001737
   157/199     2.53G    0.0406   0.01299  0.002097   0.05569         1       640     0.549         1    0.9696    0.7005   0.01972  0.007387  0.001755
   158/199     2.53G   0.03486   0.01755  0.002332   0.05474         1       640    0.4233         1    0.9868    0.6279   0.02576  0.007252  0.001708
   159/199     2.53G   0.03867   0.01227    0.0022   0.05314         1       640    0.4233         1    0.9868    0.6279   0.02576  0.007252  0.001708
   160/199     2.53G   0.03921   0.01218  0.002194   0.05359         1       640    0.3624         1    0.9688    0.6658   0.02766  0.007153  0.001697
   161/199     2.53G   0.03971   0.01931  0.002569   0.06159         5       640    0.4954         1    0.9829    0.6465   0.02252  0.007131  0.001688
   162/199     2.53G    0.0447   0.01661  0.002375   0.06369         3       640    0.4358         1    0.8453    0.4163     0.032  0.007272  0.001655
   163/199     2.53G   0.04726   0.01538  0.002305   0.06495         4       640    0.4358         1    0.8453    0.4163     0.032  0.007272  0.001655
   164/199     2.53G   0.04225   0.01232   0.00212   0.05669         2       640    0.3377         1    0.7654    0.2912   0.03952  0.007356   0.00165
   165/199     2.53G   0.04712     0.017   0.00241   0.06653         3       640    0.5216         1    0.9221    0.6003   0.02556  0.007112  0.001712
   166/199     2.53G   0.03874   0.01683  0.002722    0.0583         4       640    0.4313         1    0.7885    0.3511   0.02762  0.007237  0.001699
   167/199     2.53G   0.04586   0.01326  0.002553   0.06167         2       640    0.4313         1    0.7885    0.3511   0.02762  0.007237  0.001699
   168/199     2.53G   0.04773   0.01219  0.002672   0.06259         3       640    0.3978         1    0.6768    0.3059    0.0326  0.007357  0.001719
   169/199     2.53G   0.04139   0.01421  0.002003    0.0576         0       640    0.4078         1    0.7139    0.3904   0.03295  0.007256  0.001742
   170/199     2.53G   0.04996   0.01384  0.002462   0.06626         4       640     0.392         1    0.8084     0.502   0.02941  0.007211  0.001808
   171/199     2.53G   0.04631   0.01449  0.002869   0.06367         3       640     0.392         1    0.8084     0.502   0.02941  0.007211  0.001808
   172/199     2.53G   0.03776   0.01196  0.002403   0.05212         1       640    0.4055         1    0.8375    0.5279   0.02925  0.007206  0.001874
   173/199     2.53G   0.03964   0.01425  0.002657   0.05655         1       640    0.4917         1    0.9622       0.7   0.02424  0.007323   0.00195
   174/199     2.53G   0.03879   0.01794  0.002836   0.05957         3       640    0.4407         1    0.8877    0.5854   0.02424  0.007431  0.001972
   175/199     2.53G   0.03823   0.01615  0.002525   0.05691         4       640    0.4407         1    0.8877    0.5854   0.02424  0.007433  0.001972
   176/199     2.53G   0.04193   0.01636   0.00279   0.06108         4       640    0.3865         1    0.8426    0.5003   0.02764  0.007499  0.002008
   177/199     2.53G   0.03674   0.01315  0.002815   0.05271         1       640    0.5996         1    0.9887    0.6989   0.02048  0.007484   0.00203
   178/199     2.53G   0.03168   0.01485  0.002639   0.04917         2       640    0.6328         1    0.9923    0.7278   0.01917  0.007305  0.001988
   179/199     2.53G   0.03174   0.01728  0.002741   0.05175         4       640    0.6328         1    0.9923    0.7278   0.01917  0.007305  0.001988
   180/199     2.53G   0.03331   0.01474    0.0027   0.05074         3       640    0.5525         1    0.9912    0.6989    0.0224  0.007174  0.001961
   181/199     2.53G   0.03793   0.01672  0.002639   0.05728         7       640    0.5909         1    0.9934    0.7452   0.01961  0.007026  0.001933
   182/199     2.53G   0.03186   0.01249  0.002683   0.04703         1       640    0.5206         1    0.8931    0.4919   0.02216  0.007036  0.001853
   183/199     2.53G   0.03237   0.01579  0.002353   0.05051         3       640    0.5206         1    0.8931    0.4919   0.02216  0.007036  0.001853
   184/199     2.53G   0.03328   0.01124  0.002263   0.04678         1       640    0.4238         1     0.794    0.3753   0.02568  0.007113  0.001796
   185/199     2.53G   0.03633   0.01487  0.002261   0.05346         3       640    0.6099         1    0.9702    0.5967   0.02045  0.006823  0.001773
   186/199     2.53G   0.03041    0.0123  0.002465   0.04518         1       640    0.5353         1    0.9704    0.5531   0.02345   0.00679  0.001748
   187/199     2.53G   0.03185   0.01086   0.00202   0.04473         1       640    0.5353         1    0.9704    0.5531   0.02345   0.00679  0.001748
   188/199     2.53G   0.03282    0.0115  0.002079   0.04639         1       640    0.3895         1     0.891    0.3764   0.02907  0.006845   0.00172
   189/199     2.53G   0.03558   0.01435  0.002178   0.05211         1       640    0.5579         1    0.8325    0.4991   0.02259  0.006656  0.001704
   190/199     2.53G   0.03132   0.01613  0.002398   0.04985         3       640    0.7682         1    0.9933    0.7485   0.01775  0.006378   0.00166
   191/199     2.53G   0.03203   0.01788  0.002233   0.05215         4       640    0.7682         1    0.9933    0.7485   0.01775  0.006373   0.00166
   192/199     2.53G   0.03057   0.01388   0.00201   0.04645         5       640    0.6619         1    0.9845    0.6885   0.02029  0.006452  0.001614
   193/199     2.53G   0.03112   0.01268  0.002006   0.04581         2       640    0.7627         1    0.9926    0.7842   0.01734  0.006248  0.001587
   194/199     2.53G   0.03091   0.01429  0.002119   0.04732         2       640      0.62         1    0.9547    0.5541    0.0241  0.006571  0.001522
   195/199     2.53G   0.03475   0.01476  0.001874   0.05139         3       640      0.62         1    0.9547    0.5541    0.0241  0.006571  0.001522
   196/199     2.53G   0.03605   0.01287  0.001791   0.05071         2       640     0.446         1    0.8373    0.4084    0.0281  0.006747   0.00148
   197/199     2.53G   0.03472   0.01466  0.001927   0.05131         2       640     0.691         1    0.9759    0.7203   0.02011  0.006253  0.001462
   198/199     2.53G   0.03136   0.01249  0.001965   0.04581         1       640    0.7979         1    0.9947    0.7071   0.01653  0.006013  0.001441
   199/199     2.53G   0.03499   0.01437  0.001852   0.05121         3       640    0.7979         1    0.9947    0.7071   0.01653  0.006013  0.001441
