      0/49     2.45G   0.09324   0.02764   0.04799    0.1689        16       640         0         0   0.01244  0.002583   0.06793    0.0223   0.03871
      1/49     2.46G   0.09988   0.02782   0.05133     0.179        14       640         0         0   0.01636  0.003487   0.06333   0.02188   0.03698
      2/49     2.46G   0.08378   0.02747   0.04159    0.1528        18       640         0         0   0.01784  0.003554   0.05694   0.02151   0.03431
      3/49     2.46G   0.07873   0.02748   0.04011    0.1463        12       640         0         0   0.02142  0.004247   0.05202   0.02116   0.03161
      4/49     2.46G   0.08493   0.02868   0.04381    0.1574        18       640         0         0   0.02954  0.005047   0.04777   0.02092   0.02874
      5/49     2.46G   0.06684   0.02735     0.032    0.1262        16       640         0         0   0.04397   0.00838   0.04366   0.02081   0.02569
      6/49     2.46G   0.06254   0.02864   0.03222    0.1234        20       640         0         0   0.05788    0.0111   0.04036   0.02055   0.02272
      7/49     2.46G   0.06041   0.02889   0.02914    0.1184        19       640         0         0    0.0739   0.01601    0.0375   0.02034   0.02011
      8/49     2.46G   0.05519   0.03013   0.02699    0.1123        17       640         0         0    0.1085   0.02353   0.03586   0.02012   0.01809
      9/49     2.46G   0.06974   0.03025   0.03185    0.1318        17       640         0         0     0.126   0.02672   0.03503   0.01963   0.01608
     10/49     2.46G   0.06319   0.02777   0.02706     0.118        11       640         0         0    0.1607   0.03602   0.03272   0.01915   0.01349
     11/49     2.46G   0.05848   0.02591   0.02339    0.1078        14       640    0.2507   0.06614    0.2063   0.04407   0.03221   0.01879   0.01151
     12/49     2.46G   0.05174   0.02762   0.01952   0.09887        17       640    0.3702    0.2485    0.2683   0.05167   0.03099   0.01861  0.009407
     13/49     2.46G   0.05784   0.02559   0.02044    0.1039        18       640    0.3701    0.5634    0.4267    0.1046   0.02897   0.01833    0.0081
     14/49     2.46G    0.0433   0.02341    0.0131   0.07981        11       640    0.3198    0.8028    0.5213    0.1431   0.02936    0.0177  0.006673
     15/49     2.46G   0.04297   0.02537    0.0122   0.08055        16       640    0.2656      0.82    0.5729    0.1835   0.02717   0.01725  0.005763
     16/49     2.46G   0.04766   0.02536   0.01247   0.08549        19       640    0.1922    0.8873    0.5387    0.1494   0.02665   0.01671  0.004961
     17/49     2.46G   0.04252    0.0259   0.01035   0.07876        17       640    0.2043    0.9577    0.6042    0.2004    0.0254   0.01642  0.004311
     18/49     2.46G   0.04532   0.02403   0.01046   0.07981        16       640     0.182    0.9437    0.6521     0.225   0.02473   0.01606  0.003749
     19/49     2.46G   0.03982   0.02429  0.007438   0.07156        16       640    0.1743    0.9437    0.6178    0.2214   0.02501   0.01571  0.003458
     20/49     2.46G   0.04233   0.02681  0.008998   0.07814        20       640    0.1554    0.9296    0.5111    0.1333   0.02481   0.01536  0.003231
     21/49     2.46G    0.0395   0.02205  0.007357    0.0689        14       640    0.2353    0.9718    0.6852    0.2791    0.0226   0.01489  0.003011
     22/49     2.46G   0.04247   0.02317  0.006542   0.07218        15       640    0.2156    0.9437    0.6783    0.2692   0.02322   0.01443  0.002745
     23/49     2.46G   0.04003    0.0217  0.007353   0.06909        14       640    0.2282    0.9718    0.6227    0.2431   0.02277   0.01391  0.002611
     24/49     2.46G   0.03955   0.02266  0.005687    0.0679        17       640    0.2554    0.9296    0.5446    0.1747   0.02801   0.01314  0.002551
     25/49     2.46G   0.04327   0.02224  0.006359   0.07187        12       640     0.294    0.9296    0.6586    0.2625   0.02357   0.01319  0.002502
     26/49     2.46G   0.04568   0.02258  0.006769   0.07503        16       640    0.2889    0.9443    0.5849    0.2285   0.02822   0.01258  0.002448
     27/49     2.46G   0.04473   0.02217  0.006001   0.07291        14       640    0.3749    0.9296     0.604    0.2128   0.02795    0.0121  0.002408
     28/49     2.46G   0.03805   0.02388  0.004709   0.06664        14       640      0.36    0.9296     0.639    0.2823   0.02505   0.01229  0.002371
     29/49     2.46G   0.03406   0.01999  0.004053   0.05811        11       640    0.3753    0.9437    0.6768    0.2957   0.02539   0.01217  0.002273
     30/49     2.46G   0.04681   0.02097  0.005996   0.07378        17       640    0.4311    0.9577    0.7498    0.3211    0.0223   0.01223  0.002175
     31/49     2.46G   0.04304   0.02226  0.004647   0.06995        19       640    0.4119    0.9577    0.7589    0.3628   0.02384   0.01218   0.00209
     32/49     2.46G   0.03758   0.02242  0.004125   0.06412        16       640    0.3935    0.9577    0.7916    0.3896   0.02365   0.01195  0.002032
     33/49     2.46G   0.03815   0.02207  0.003755   0.06397        18       640    0.3877    0.9577    0.7734    0.3933   0.02323    0.0117   0.00198
     34/49     2.46G   0.03754   0.02198  0.004138   0.06365        13       640    0.4591    0.9577    0.7988    0.3849   0.02596   0.01155  0.001948
     35/49     2.46G   0.04856   0.02171  0.004896   0.07516        16       640    0.4507    0.9577    0.8165     0.419   0.02432   0.01153  0.001895
     36/49     2.46G   0.03225   0.02113  0.003282   0.05666        15       640    0.4569    0.9577    0.8261    0.3709   0.02234   0.01136  0.001838
     37/49     2.46G   0.03505   0.01961  0.003341     0.058        10       640    0.3822    0.9577    0.7358    0.3516   0.02126   0.01129  0.001777
     38/49     2.46G   0.03908   0.02145  0.003769    0.0643        12       640     0.504    0.9718    0.8578     0.447   0.02065    0.0113  0.001732
     39/49     2.46G   0.03573   0.01942  0.003652   0.05881        15       640    0.4429    0.9744     0.848    0.4215   0.02002   0.01112  0.001669
     40/49     2.46G   0.03892   0.02022  0.003372   0.06251        21       640    0.3463    0.9859    0.6545    0.3377   0.02474   0.01074  0.001592
     41/49     2.46G    0.0379   0.01981  0.003205   0.06092        20       640    0.2846    0.9718    0.5776    0.2084    0.0257   0.01047  0.001567
     42/49     2.46G   0.04014   0.01924  0.003466   0.06285        12       640    0.4407    0.9718    0.8471     0.418   0.02396    0.0107  0.001569
     43/49     2.46G   0.03563   0.01956  0.002937   0.05813         9       640    0.4112    0.9718    0.8423    0.4058   0.02405   0.01051  0.001557
     44/49     2.46G   0.03547   0.01929  0.003565   0.05833        13       640    0.5085    0.9718     0.913    0.4845   0.02134    0.0107  0.001506
     45/49     2.46G   0.03542   0.02068  0.003109   0.05921        11       640    0.4258    0.9718    0.8334    0.3942    0.0227   0.01033  0.001489
     46/49     2.46G   0.03697   0.01864  0.003638   0.05925        12       640    0.4989    0.9718    0.9045    0.5068   0.01939   0.01056  0.001464
     47/49     2.46G   0.03581   0.01809  0.003381   0.05728        17       640    0.4367    0.9859     0.819    0.4514   0.02145   0.01038  0.001409
     48/49     2.46G   0.03881    0.0195  0.002669   0.06098        13       640    0.4638    0.9624    0.8697    0.3371   0.02284   0.01023  0.001379
     49/49     2.46G   0.03619   0.01761  0.002904    0.0567        16       640     0.531    0.9718     0.857     0.477   0.02285   0.01018  0.001368
