     0/199     2.47G    0.1271   0.02982   0.06185    0.2187         4       640         0         0  0.001082 0.0001082    0.0948   0.02521   0.04538
     1/199     2.53G    0.1104   0.02821   0.05585    0.1945         3       640         0         0  0.001448 0.0001448   0.09384   0.02453   0.04433
     2/199     2.53G    0.1113   0.02669   0.05242    0.1904         1       640         0         0  0.001789 0.0002727   0.09211   0.02415   0.04317
     3/199     2.53G    0.1151   0.02579   0.05361    0.1945         1       640         0         0  0.001422 0.0002442   0.09004   0.02383    0.0418
     4/199     2.53G    0.1144   0.02851   0.05227    0.1952         2       640         0         0  0.001763  0.000295   0.08808   0.02348   0.04031
     5/199     2.53G     0.101   0.02897   0.04813    0.1781         4       640         0         0  0.004981  0.001136   0.08508   0.02339   0.03874
     6/199     2.53G    0.1012   0.02863   0.04764    0.1774         1       640         0         0  0.005991  0.001304   0.08141   0.02348   0.03721
     7/199     2.53G    0.1044   0.02946   0.04811     0.182         2       640         0         0  0.008572   0.00207   0.07706    0.0236   0.03565
     8/199     2.53G    0.1042   0.03409   0.04943    0.1877         5       640         0         0   0.01462  0.002624   0.07272   0.02368   0.03415
     9/199     2.53G   0.09652    0.0305   0.04407    0.1711         5       640         0         0     0.016  0.003189   0.06916   0.02356   0.03247
    10/199     2.53G    0.0872   0.02853   0.03846    0.1542         1       640         0         0   0.01851  0.004139   0.06419    0.0237   0.03078
    11/199     2.53G   0.09036   0.02928   0.04193    0.1616         1       640         0         0   0.03067  0.007193   0.06055   0.02379   0.02919
    12/199     2.53G   0.09266   0.03186   0.03919    0.1637         3       640         0         0   0.03891   0.00837   0.05771   0.02382   0.02798
    13/199     2.53G    0.0857   0.03351   0.03694    0.1561         2       640         0         0   0.05173   0.01288   0.05557    0.0238   0.02667
    14/199     2.53G   0.07923   0.03169   0.03406     0.145         4       640         0         0   0.07059    0.0218   0.05348   0.02381   0.02503
    15/199     2.53G   0.07309   0.02677   0.03201    0.1319         1       640         0         0   0.09254   0.02813   0.05095   0.02387   0.02344
    16/199     2.53G   0.08097   0.03465   0.03188    0.1475         4       640         0         0    0.1095   0.03186   0.04998   0.02365   0.02191
    17/199     2.53G   0.07307   0.03076   0.02887    0.1327         1       640   0.06848  0.003805    0.1284   0.03897   0.04884    0.0236   0.02029
    18/199     2.53G   0.07251   0.02666   0.02613    0.1253         1       640    0.3065   0.01852    0.1633   0.04604   0.04771   0.02335    0.0186
    19/199     2.53G   0.07296   0.03379   0.02476    0.1315         2       640    0.5499   0.03704    0.2159    0.0533   0.04639   0.02322   0.01695
    20/199     2.53G   0.07088   0.02812   0.02346    0.1225         2       640    0.6153   0.09259    0.2741   0.06582   0.04501   0.02289   0.01529
    21/199     2.53G   0.07019   0.03169   0.02388    0.1258         3       640    0.4582    0.1255    0.2514   0.06963   0.04438   0.02247   0.01379
    22/199     2.53G   0.06709   0.02656    0.0185    0.1121         1       640    0.4903    0.1852    0.2764   0.08303   0.04384   0.02219   0.01291
    23/199     2.53G   0.06788   0.03674   0.01898    0.1236         3       640    0.5192      0.26    0.3055     0.101   0.04315   0.02165   0.01169
    24/199     2.53G   0.06897   0.02627   0.01847    0.1137         2       640    0.4329    0.3704    0.3314    0.1219   0.04157   0.02137   0.01047
    25/199     2.53G    0.0623   0.02744   0.01594    0.1057         2       640    0.3581    0.4815    0.3861    0.1272   0.04026   0.02092  0.009514
    26/199     2.53G   0.04924   0.02358   0.01273   0.08556         1       640    0.2512    0.6111    0.3989    0.1363   0.03973   0.02042   0.00844
    27/199     2.53G   0.06987   0.02846   0.01426    0.1126         1       640    0.1889    0.6852    0.4078    0.1391   0.04025   0.01987  0.007596
    28/199     2.53G    0.0628   0.02801   0.01429    0.1051         2       640    0.1652    0.7963    0.5177    0.2052   0.03851   0.01954  0.006719
    29/199     2.53G   0.05863   0.02274   0.01132   0.09269         1       640    0.1397    0.8333    0.5092    0.1904   0.03766   0.01938  0.005986
    30/199     2.53G   0.06255   0.02704   0.01089    0.1005         2       640     0.121    0.8333    0.5553    0.2272   0.03529   0.01933  0.005438
    31/199     2.53G   0.06341    0.0229   0.01038   0.09669         1       640    0.1065    0.8889    0.4959    0.2093   0.03753   0.01914  0.004943
    32/199     2.53G   0.06251   0.02761  0.008834   0.09896         4       640    0.1028    0.8889    0.4914    0.1742   0.03631   0.01919  0.004474
    33/199     2.53G    0.0588   0.03254  0.008324   0.09966         7       640    0.1132    0.8889    0.6065    0.2561   0.03481   0.01862  0.004155
    34/199     2.53G   0.05897   0.02996  0.007806   0.09674         4       640    0.1282    0.8889    0.6443    0.2801   0.03504   0.01785  0.003844
    35/199     2.53G   0.04954   0.02335  0.006181   0.07907         0       640    0.1166    0.9259    0.5781    0.2427   0.03386   0.01749   0.00359
    36/199     2.53G   0.05959   0.02682  0.007467   0.09388         3       640   0.07653    0.9444     0.198   0.05603   0.04252   0.01721  0.003369
    37/199     2.53G    0.0611   0.03071  0.006865   0.09868         3       640    0.1113    0.9259    0.3118   0.07993   0.04304    0.0165  0.003286
    38/199     2.53G   0.06119   0.02099  0.005783   0.08797         1       640    0.1105     0.963    0.3986    0.1291   0.04449   0.01588  0.003157
    39/199     2.53G   0.05808     0.022  0.004805   0.08489         2       640    0.1335    0.9259    0.4277    0.1581   0.04294   0.01549  0.003002
    40/199     2.53G   0.05699   0.02573  0.005841   0.08855         4       640    0.1504    0.9444    0.4944    0.1704   0.04106   0.01531  0.002939
    41/199     2.53G   0.05181   0.02406   0.00489   0.08076         2       640     0.154    0.9259    0.5609    0.1948   0.04036   0.01505  0.002852
    42/199     2.53G   0.04678     0.025  0.004708   0.07649         5       640    0.1295    0.9444    0.4838     0.186   0.04127   0.01466  0.002706
    43/199     2.53G   0.05827    0.0211    0.0052   0.08457         2       640    0.1236    0.9259     0.595    0.1724   0.04531   0.01411  0.002596
    44/199     2.53G   0.06764   0.02424   0.00659   0.09848         4       640    0.1368    0.9259    0.6147    0.2311   0.04745   0.01387  0.002536
    45/199     2.53G   0.06246   0.03024  0.005298   0.09799         6       640    0.1399    0.9259    0.6696    0.1782   0.04344   0.01368  0.002478
    46/199     2.53G   0.04694   0.02098  0.003722   0.07164         1       640    0.1332    0.9259    0.2652   0.07145   0.04731   0.01304  0.002464
    47/199     2.53G   0.06143   0.02006  0.005187   0.08667         2       640    0.2059    0.9259    0.5961    0.1796   0.04673   0.01285  0.002498
    48/199     2.53G   0.05722   0.02329   0.00492   0.08543         2       640    0.2183    0.9259    0.6571    0.2291   0.03808    0.0137  0.002482
    49/199     2.53G   0.06134   0.02064  0.004811    0.0868         1       640    0.1974    0.9074    0.5197    0.1567   0.04497   0.01279  0.002488
    50/199     2.53G   0.05437   0.01991  0.003925    0.0782         1       640    0.2309    0.9444    0.5614    0.1313   0.03711   0.01352  0.002514
    51/199     2.53G   0.05542   0.01853  0.004267   0.07822         1       640    0.1848    0.9444    0.3999   0.09717   0.04647    0.0126  0.002483
    52/199     2.53G   0.06035   0.02254  0.004093   0.08698         5       640    0.1663    0.9444    0.4214     0.128   0.04787    0.0125  0.002467
    53/199     2.53G    0.0654   0.02424  0.004996   0.09464         5       640    0.2033     0.963    0.5643     0.149   0.04477   0.01277  0.002413
    54/199     2.53G   0.06237   0.02133   0.00433   0.08803         4       640    0.1957    0.9444    0.4834     0.131   0.04992   0.01183  0.002358
    55/199     2.53G   0.05843   0.01677  0.003897    0.0791         1       640    0.2233     0.963    0.6683    0.2812   0.04685   0.01211  0.002385
    56/199     2.53G   0.05226   0.01866  0.003237   0.07416         1       640    0.1761     0.963    0.5171    0.1445   0.04329   0.01255  0.002321
    57/199     2.53G   0.05554   0.02219  0.004289   0.08201         2       640     0.253     0.963    0.8261    0.3224   0.03569   0.01302  0.002377
    58/199     2.53G   0.05052   0.01989  0.003611   0.07402         2       640    0.2737     0.963    0.7834    0.4138   0.03629   0.01303  0.002342
    59/199     2.53G   0.05596   0.02134  0.003726   0.08102         3       640    0.2102     0.963    0.8588    0.4852   0.04037   0.01231  0.002249
    60/199     2.53G   0.05335   0.02121  0.003521   0.07808         2       640     0.172    0.9815     0.774    0.2543   0.03723   0.01225  0.002114
    61/199     2.53G   0.05582   0.02265  0.003961   0.08243         4       640    0.2429    0.9815    0.9266    0.5539   0.03276   0.01244  0.002159
    62/199     2.53G   0.04679   0.01896   0.00306   0.06881         1       640    0.1914    0.9815    0.7832    0.1848   0.04088   0.01182  0.002015
    63/199     2.53G   0.05127   0.02119  0.003211   0.07567         2       640    0.3418    0.9815    0.9409    0.5542   0.02739   0.01238  0.002012
    64/199     2.53G   0.04184   0.01931  0.003268   0.06442         1       640    0.1965    0.9815    0.4133    0.1257   0.05042   0.01124  0.001894
    65/199     2.53G   0.06604   0.01715  0.003758   0.08695         3       640    0.2316    0.9815    0.5632    0.1388   0.04895   0.01117  0.001934
    66/199     2.53G   0.05326   0.02048  0.002528   0.07627         0       640    0.1882    0.9815    0.6555    0.2325   0.04757   0.01098   0.00193
    67/199     2.53G   0.06473   0.01985   0.00341   0.08799         4       640    0.2438    0.9815    0.7677    0.3546   0.04332   0.01113  0.001949
    68/199     2.53G   0.05484     0.018  0.002934   0.07578         2       640    0.2154    0.9815    0.6541    0.2381   0.04472   0.01101  0.002016
    69/199     2.53G   0.05257   0.01941  0.002843   0.07482         1       640    0.2574    0.9815    0.7965    0.3117   0.04055   0.01119  0.002066
    70/199     2.53G   0.05201   0.01607  0.002682   0.07077         1       640    0.3459     0.963    0.8062    0.3524   0.03972   0.01163  0.002099
    71/199     2.53G   0.04852   0.02278  0.002966   0.07426         3       640    0.3343    0.9815    0.8823    0.4187   0.03386   0.01144   0.00202
    72/199     2.53G   0.05064   0.01917  0.003528   0.07334         3       640     0.312    0.9996    0.7482    0.3812   0.02849   0.01127  0.001837
    73/199     2.53G   0.05015   0.02184  0.002945   0.07493         3       640    0.2436         1    0.7186    0.4219   0.03368   0.01085  0.001719
    74/199     2.53G   0.04591   0.01912  0.002604   0.06763         2       640    0.1737         1    0.5307    0.1459   0.04437   0.01074  0.001517
    75/199     2.53G   0.04867   0.01809  0.002071   0.06882         0       640    0.2199         1    0.6431    0.2288   0.04084   0.01035  0.001525
    76/199     2.53G    0.0531    0.0165  0.002184   0.07178         2       640    0.2405         1    0.5282    0.1758   0.04097   0.01013  0.001569
    77/199     2.53G   0.04778    0.0157  0.002252   0.06573         1       640    0.2614         1    0.7477    0.4109   0.03571   0.01012  0.001645
    78/199     2.53G   0.04516   0.02131  0.002423   0.06889         2       640    0.2243         1    0.5468    0.1796   0.04107   0.00984   0.00166
    79/199     2.53G   0.05929   0.02052   0.00364   0.08345         3       640    0.3631         1    0.7475    0.3552    0.0329    0.0102   0.00173
    80/199     2.53G   0.04242   0.01462  0.002805   0.05984         1       640    0.1894    0.9815    0.4936   0.09896   0.04445  0.009589  0.001818
    81/199     2.53G    0.0594   0.02275  0.002774   0.08492         7       640    0.3188         1    0.7825     0.381    0.0353   0.01006  0.001909
    82/199     2.53G   0.05074   0.01616  0.002681   0.06958         2       640    0.3649         1     0.841    0.5037   0.03182   0.01011  0.001932
    83/199     2.53G   0.04905   0.01918  0.003033   0.07126         2       640    0.3216         1    0.8827    0.4556   0.03598  0.009887  0.001897
    84/199     2.53G   0.04098   0.01617  0.002172   0.05932         0       640    0.3973         1    0.9218    0.5416   0.02989  0.009959  0.001857
    85/199     2.53G   0.03666   0.01476  0.002415   0.05383         1       640    0.2309         1    0.7357     0.336   0.04218  0.009751  0.001687
    86/199     2.53G   0.05958    0.0157  0.002585   0.07787         2       640    0.2273    0.9815    0.4006    0.1123   0.05391  0.009092  0.001741
    87/199     2.53G   0.07223   0.01604  0.002697   0.09097         4       640    0.2401         1    0.4671    0.1591   0.05054  0.008848   0.00189
    88/199     2.53G   0.05851   0.01747  0.003189   0.07917         2       640    0.2899         1    0.6264     0.263    0.0431  0.009416  0.002062
    89/199     2.53G    0.0533   0.01875   0.00329   0.07535         3       640    0.3765         1     0.717     0.371   0.03676   0.01019  0.002133
    90/199     2.53G   0.05314   0.01696  0.003523   0.07363         2       640    0.3651         1    0.6965    0.3306   0.04003  0.009602  0.002063
    91/199     2.53G   0.05216   0.01717  0.003074    0.0724         2       640    0.3045         1    0.6759     0.305   0.04013  0.009229  0.001961
    92/199     2.53G   0.05297   0.01462  0.002873   0.07046         2       640    0.3307         1    0.9021    0.4467   0.03912  0.009132  0.001891
    93/199     2.53G   0.04377   0.01374  0.002284   0.05979         0       640    0.3499         1    0.9139    0.4949   0.03492  0.009163  0.001861
    94/199     2.53G   0.04947   0.01612   0.00274   0.06832         2       640    0.3651         1    0.9398    0.5686   0.03405   0.00909  0.001796
    95/199     2.53G    0.0491   0.01685   0.00346   0.06941         1       640    0.2838         1    0.7761    0.3553   0.03917   0.00899  0.001605
    96/199     2.53G   0.04394   0.01687  0.002496    0.0633         1       640    0.1859         1    0.4802    0.1898   0.05087  0.009052  0.001566
    97/199     2.53G   0.06325   0.01388  0.002269   0.07941         3       640    0.2362         1    0.4903    0.1566   0.04831  0.008786  0.001604
    98/199     2.53G   0.05804   0.01947  0.003054   0.08056         5       640    0.2965         1    0.7113    0.2753   0.04166  0.008602   0.00165
    99/199     2.53G   0.04757   0.01647  0.002436   0.06647         3       640    0.3441         1    0.8416    0.3761   0.03891  0.008673  0.001703
   100/199     2.53G   0.04384   0.01896  0.002508    0.0653         4       640    0.2953         1    0.8382    0.4733   0.03818  0.008558  0.001716
   101/199     2.53G   0.05049   0.01327  0.002385   0.06615         2       640    0.2674         1    0.6148    0.2681   0.04491  0.008328  0.001658
   102/199     2.53G   0.05733   0.02401  0.002419   0.08376         9       640    0.2748         1    0.6897    0.2427   0.04173  0.008422  0.001699
   103/199     2.53G    0.0533   0.01613  0.002706   0.07213         2       640    0.4033         1    0.8681    0.4776   0.03655  0.008434  0.001727
   104/199     2.53G   0.04846   0.01721  0.002723    0.0684         2       640    0.3942         1    0.9038    0.5591   0.03489   0.00828  0.001741
   105/199     2.53G    0.0421   0.01304  0.002258    0.0574         1       640    0.4454         1    0.9288    0.5099    0.0371  0.007972  0.001656
   106/199     2.53G   0.05404   0.01458  0.002605   0.07122         2       640    0.2401    0.9259    0.4078    0.1241   0.05365  0.008122  0.001669
   107/199     2.53G    0.0711   0.01184  0.002504   0.08544         2       640    0.2401    0.9259    0.4078    0.1241   0.05365  0.008122  0.001669
   108/199     2.53G   0.07022    0.0121  0.002828   0.08515         2       640     0.185    0.8889    0.2187    0.0849   0.06047  0.008073  0.001712
   109/199     2.53G   0.06986   0.01392   0.00236   0.08613         2       640    0.1725    0.8889    0.2002    0.0887   0.06136  0.007879  0.001771
   110/199     2.53G   0.06938   0.01386  0.002385   0.08562         3       640    0.1752    0.9259    0.2237    0.1004   0.05964  0.007627  0.001846
   111/199     2.53G     0.067   0.01315  0.002531   0.08268         2       640    0.1806    0.9074    0.2582    0.1239   0.05612  0.007513  0.001923
   112/199     2.53G   0.06405    0.0126  0.002464   0.07911         2       640    0.2114    0.9815    0.4951    0.1884   0.05263  0.007602  0.002021
   113/199     2.53G   0.05682   0.01657  0.002834   0.07623         4       640    0.2374         1    0.6837    0.3387   0.04776  0.007942  0.002114
   114/199     2.53G   0.05602   0.01795  0.002699   0.07667         3       640    0.2621         1    0.7332    0.4595   0.04429  0.008287  0.002188
   115/199     2.53G   0.05612   0.01545  0.002785   0.07435         3       640    0.2764         1      0.76    0.4417   0.04513  0.008539  0.002213
   116/199     2.53G   0.05006    0.0179  0.003411   0.07137         3       640    0.2902         1    0.7897    0.4192   0.04263  0.008916  0.002239
   117/199     2.53G   0.04971   0.02109  0.002826   0.07362         4       640    0.3265         1    0.8299    0.4447   0.03976  0.009398  0.002224
   118/199     2.53G   0.04947   0.01563  0.002695   0.06779         2       640    0.3651         1    0.8445    0.4578   0.03817  0.009861  0.002195
   119/199     2.53G   0.04178   0.01869  0.002714   0.06318         2       640    0.4391         1    0.8615    0.5167   0.03594      0.01  0.002135
   120/199     2.53G    0.0461   0.01752  0.002577    0.0662         2       640    0.4288         1    0.8684    0.5806   0.03384  0.009814  0.002067
   121/199     2.53G   0.04579   0.01474  0.002802   0.06334         1       640    0.4168         1     0.876    0.5674   0.03294   0.00944  0.001992
   122/199     2.53G    0.0437   0.02103  0.002939   0.06767         4       640    0.4265         1    0.8818    0.5793   0.03273   0.00905  0.001935
   123/199     2.53G   0.04291   0.01377  0.002106   0.05878         2       640    0.4404         1    0.8941    0.6596   0.03292  0.008677  0.001852
   124/199     2.53G   0.04877   0.01524  0.002353   0.06636         1       640    0.4155         1    0.9264    0.6946   0.03218  0.008426  0.001754
   125/199     2.53G   0.04246   0.01858  0.002126   0.06317         2       640    0.4197         1    0.9573    0.7214   0.03276  0.008208  0.001678
   126/199     2.53G   0.03981   0.01374  0.001932   0.05548         1       640    0.4445         1    0.9726    0.6962   0.03321  0.008002   0.00159
   127/199     2.53G   0.03792   0.01248  0.001824   0.05223         1       640    0.4435         1    0.9763    0.7055   0.03164   0.00781  0.001521
   128/199     2.53G   0.04351   0.01252  0.001959   0.05799         1       640    0.4368         1    0.9795    0.6866   0.03228  0.007712  0.001441
   129/199     2.53G   0.04104   0.01264  0.001984   0.05566         1       640    0.4211         1    0.9849    0.6877   0.03108  0.007669  0.001364
   130/199     2.53G   0.04125    0.0154   0.00182   0.05847         1       640    0.4022         1    0.9772    0.7015   0.03169  0.007667  0.001307
   131/199     2.53G   0.04109   0.01315  0.001863    0.0561         1       640    0.3031         1     0.857    0.4961   0.04043  0.007626  0.001236
   132/199     2.53G    0.0497   0.01282  0.002037   0.06455         1       640    0.3031         1     0.857    0.4961   0.04043  0.007626  0.001236
   133/199     2.53G   0.05164   0.01711   0.00164   0.07039         7       640    0.2628         1    0.8931      0.53   0.04144  0.007613  0.001199
   134/199     2.53G   0.04555   0.01448  0.001697   0.06173         3       640    0.3549         1    0.9649    0.6734   0.03561  0.007275  0.001176
   135/199     2.53G   0.05109   0.01468  0.001788   0.06756         2       640    0.3105         1    0.9557    0.5874   0.03775  0.007322  0.001144
   136/199     2.53G   0.05224   0.01197  0.001542   0.06575         1       640    0.2898         1    0.7626    0.4559   0.04744  0.007479  0.001148
   137/199     2.53G   0.05271   0.01279  0.002834   0.06834         2       640    0.3628         1    0.9677    0.4381   0.04376   0.00725  0.001214
   138/199     2.53G   0.06399   0.01866  0.001828   0.08447         4       640    0.3894         1    0.8504    0.5329   0.03853   0.00732  0.001283
   139/199     2.53G   0.05425   0.01398  0.001688   0.06992         3       640    0.3894         1    0.8504    0.5329   0.03853   0.00732  0.001283
   140/199     2.53G   0.04925   0.01279  0.001984   0.06402         2       640      0.37         1    0.8549    0.5216   0.04072  0.007411  0.001325
   141/199     2.53G   0.04899   0.01398  0.001935    0.0649         2       640    0.4453         1    0.9601    0.7035   0.03714  0.007468  0.001356
   142/199     2.53G   0.05314   0.01922  0.001992   0.07435         7       640     0.514         1    0.9728    0.6871   0.03681  0.007471  0.001388
   143/199     2.53G   0.05201   0.01396   0.00185   0.06783         1       640    0.4937         1    0.9608    0.4843   0.04005  0.007448  0.001379
   144/199     2.53G   0.05676   0.01352  0.002043   0.07233         1       640     0.345         1    0.7742    0.4066   0.04888  0.007298  0.001452
   145/199     2.53G   0.06395   0.01304  0.003145   0.08013         2       640    0.3574         1    0.8373    0.5116    0.0427  0.007421  0.001609
   146/199     2.53G    0.0567   0.01476   0.00223   0.07369         1       640    0.3574         1    0.8373    0.5116    0.0427  0.007421  0.001609
   147/199     2.53G   0.05324   0.01282  0.002167   0.06823         1       640    0.3579         1    0.8388    0.4497    0.0405   0.00757  0.001724
   148/199     2.53G   0.05701   0.01433  0.002671   0.07401         1       640    0.3923         1    0.8769     0.487   0.03844  0.007653  0.001814
   149/199     2.53G   0.05763   0.01591  0.002556    0.0761         6       640    0.4575         1     0.913    0.5873   0.03565  0.007628  0.001832
   150/199     2.53G   0.05074   0.01389  0.002258   0.06689         1       640    0.4836         1    0.9297    0.7026   0.03431  0.007447   0.00174
   151/199     2.53G   0.05096   0.01184  0.002088   0.06488         1       640    0.3885         1    0.9095    0.6475   0.03851  0.007015  0.001559
   152/199     2.53G   0.05433   0.01478  0.002357   0.07147         2       640    0.4134         1    0.9206    0.6579   0.03706  0.006869  0.001457
   153/199     2.53G   0.05141   0.01218  0.002105   0.06569         1       640    0.4134         1    0.9206    0.6579   0.03706  0.006869  0.001457
   154/199     2.53G   0.05447   0.01222  0.002074   0.06876         1       640    0.3697         1    0.9068    0.5593    0.0396  0.006816  0.001379
   155/199     2.53G   0.05502    0.0138   0.00205   0.07088         3       640    0.3697         1    0.9068    0.5593    0.0396  0.006816  0.001379
   156/199     2.53G   0.04819   0.01244  0.002032   0.06266         2       640    0.3899         1    0.9454    0.5902   0.03929  0.006778  0.001323
   157/199     2.53G   0.04678   0.01234  0.001725   0.06085         1       640    0.4968         1    0.9545    0.5866   0.03744  0.006672  0.001292
   158/199     2.53G   0.05441   0.01553   0.00196    0.0719         2       640    0.4699         1    0.9903    0.5651   0.03891  0.006722  0.001264
   159/199     2.53G   0.05475   0.01171  0.001786   0.06824         2       640    0.4699         1    0.9903    0.5651   0.03891  0.006722  0.001264
   160/199     2.53G   0.05603    0.0116  0.001691   0.06932         1       640    0.3801         1    0.9773    0.5741   0.04064  0.006736  0.001243
   161/199     2.53G   0.05434   0.02173   0.00184   0.07791         9       640    0.4306         1     0.976    0.6586   0.03788   0.00666  0.001247
   162/199     2.53G   0.04978   0.01266  0.001527   0.06397         2       640    0.3073         1    0.8691    0.4726   0.04335  0.006879   0.00123
   163/199     2.53G   0.06359   0.02012  0.002138   0.08585         9       640    0.3073         1    0.8691    0.4726   0.04335  0.006879   0.00123
   164/199     2.53G   0.06684    0.0133  0.002126   0.08226         2       640    0.2402         1    0.8069    0.3012   0.04998  0.007091  0.001241
   165/199     2.53G   0.06187   0.01362  0.001862   0.07735         3       640    0.3199         1    0.8619    0.5226   0.04329  0.006715  0.001314
   166/199     2.53G   0.05988   0.01629  0.002096   0.07827         4       640    0.4859         1     0.969     0.501   0.03815  0.006674   0.00139
   167/199     2.53G   0.04903   0.01381  0.001856    0.0647         5       640    0.4859         1     0.969     0.501   0.03815  0.006674   0.00139
   168/199     2.53G   0.05784   0.01261  0.002013   0.07246         3       640    0.3785         1    0.8224    0.3054   0.03977  0.006902  0.001465
   169/199     2.53G   0.05349   0.01317  0.001916   0.06858         1       640    0.3868         1    0.8371    0.4072   0.03769  0.006855  0.001505
   170/199     2.53G   0.06016    0.0154  0.002678   0.07823         4       640    0.5294         1    0.9499    0.6962   0.03572  0.006767  0.001502
   171/199     2.53G   0.04842   0.01274  0.002098   0.06327         2       640    0.5294         1    0.9499    0.6962   0.03572  0.006767  0.001502
   172/199     2.53G   0.05475   0.01373   0.00209   0.07057         2       640    0.5171         1    0.9252    0.5545     0.039  0.006823  0.001526
   173/199     2.53G   0.05375   0.01364   0.00194   0.06933         1       640    0.5345         1    0.9276    0.6171   0.03623  0.006789  0.001545
   174/199     2.53G   0.05663   0.01691  0.002332   0.07587         3       640    0.5311         1    0.9124    0.6234    0.0358    0.0066  0.001532
   175/199     2.53G   0.05292   0.01431  0.001989   0.06921         4       640    0.5311         1    0.9124    0.6234    0.0358    0.0066  0.001532
   176/199     2.53G   0.05946   0.01502   0.00207   0.07655         5       640    0.4208         1    0.8872    0.4979   0.03976   0.00658  0.001531
   177/199     2.53G   0.04663     0.011  0.001795   0.05943         1       640    0.4989         1     0.905    0.6249   0.03417  0.006479  0.001528
   178/199     2.53G    0.0464   0.01314   0.00203   0.06157         3       640    0.5399         1     0.942    0.6584   0.03633  0.006575  0.001503
   179/199     2.53G    0.0534   0.01389  0.002023   0.06931         2       640    0.5399         1     0.942    0.6584   0.03633  0.006578  0.001503
   180/199     2.53G   0.05323   0.01199  0.001986   0.06721         2       640    0.4807         1    0.9307    0.5996   0.03962   0.00666  0.001496
   181/199     2.53G   0.04249   0.01181  0.001783   0.05609         1       640    0.4878         1    0.9253    0.6875   0.03714  0.006492  0.001507
   182/199     2.53G   0.04889   0.01348  0.002028    0.0644         1       640    0.4931         1    0.9281    0.6539   0.03608  0.006421  0.001482
   183/199     2.53G   0.04561   0.01382   0.00177    0.0612         2       640    0.4931         1    0.9281    0.6539   0.03608  0.006424  0.001482
   184/199     2.53G   0.05283   0.01194  0.001806   0.06658         1       640    0.4581         1    0.9101    0.6183   0.03593  0.006418  0.001462
   185/199     2.53G   0.04863   0.01643   0.00206   0.06712         5       640     0.497         1     0.965    0.7173   0.03228  0.006254  0.001459
   186/199     2.53G   0.04062   0.01175  0.001859   0.05423         1       640    0.4995         1    0.9784    0.7112   0.03193  0.006349  0.001424
   187/199     2.53G    0.0452   0.01137  0.001733   0.05831         1       640    0.4995         1    0.9784    0.7112   0.03193  0.006349  0.001424
   188/199     2.53G   0.03995   0.01153   0.00179   0.05327         2       640    0.4749         1    0.9649    0.6502   0.03262  0.006461  0.001398
   189/199     2.53G   0.04635   0.01451  0.001948    0.0628         2       640    0.5845         1    0.9892    0.8138   0.02827  0.006282  0.001376
   190/199     2.53G   0.03404   0.01391   0.00177   0.04972         2       640    0.5416         1    0.9897    0.7291   0.03017   0.00644   0.00132
   191/199     2.53G   0.04345    0.0159  0.002145    0.0615         4       640    0.5416         1    0.9897    0.7291   0.03017   0.00644   0.00132
   192/199     2.53G    0.0485   0.01762  0.001922   0.06804         5       640    0.4606         1    0.9807    0.6886   0.03163  0.006516   0.00128
   193/199     2.53G   0.03854   0.01311  0.001607   0.05325         3       640    0.5603         1    0.9923    0.7898   0.02622  0.006158  0.001241
   194/199     2.53G   0.03426   0.01256  0.001684    0.0485         3       640    0.6177         1    0.9883    0.7571   0.02836  0.006331  0.001217
   195/199     2.53G   0.03978   0.01523  0.001692    0.0567         3       640    0.6177         1    0.9883    0.7571   0.02836  0.006331  0.001217
   196/199     2.53G   0.03741   0.01093   0.00143   0.04977         1       640     0.622         1    0.9918    0.7332   0.02902  0.006341  0.001196
   197/199     2.53G   0.04114   0.01586  0.001648   0.05865         3       640    0.7418         1    0.9934    0.7759   0.02467  0.006284  0.001178
   198/199     2.53G   0.03571    0.0113  0.001392   0.04841         0       640    0.5907         1    0.9932    0.7559   0.02659  0.006312  0.001159
   199/199     2.53G   0.03981   0.01369  0.001645   0.05515         3       640    0.5907         1    0.9932    0.7559   0.02659  0.006312  0.001159
