     0/199     2.46G    0.1269   0.02997   0.06214     0.219         3       640         0         0  0.001586 0.0001586   0.08675   0.02507   0.04127
     1/199     2.53G    0.1177   0.02853   0.05807    0.2043         4       640         0         0  0.001845 0.0001845   0.08566   0.02462   0.04044
     2/199     2.53G    0.1086   0.02573   0.05329    0.1876         1       640         0         0   0.00259  0.000259   0.08448   0.02419   0.03942
     3/199     2.53G    0.1077   0.02571   0.05119    0.1846         1       640         0         0  0.002302 0.0004729   0.08282   0.02377   0.03817
     4/199     2.53G    0.1113   0.03144   0.05216    0.1949         3       640         0         0  0.002783 0.0005293   0.08095   0.02344   0.03703
     5/199     2.53G    0.1212   0.02854   0.05445    0.2042         4       640         0         0  0.002243 0.0006691    0.0781   0.02328   0.03576
     6/199     2.53G    0.1018   0.02705   0.04744    0.1763         1       640         0         0  0.005219  0.001211   0.07492   0.02329   0.03455
     7/199     2.53G    0.1051   0.02661   0.04783    0.1795         1       640         0         0  0.008773  0.001996    0.0703   0.02347   0.03321
     8/199     2.53G    0.1035   0.03105   0.04832    0.1829         4       640         0         0   0.01191  0.002927   0.06583   0.02366   0.03188
     9/199     2.53G    0.1042   0.02874   0.04743    0.1804         4       640         0         0   0.01796  0.003639   0.06134   0.02369   0.03066
    10/199     2.53G    0.0762    0.0274   0.03609    0.1397         0       640         0         0    0.0291  0.005639   0.05864   0.02362   0.02909
    11/199     2.53G   0.07446   0.02679   0.03579     0.137         1       640         0         0    0.0415   0.01446   0.05513   0.02369   0.02773
    12/199     2.53G   0.08829   0.03062   0.03922    0.1581         1       640         0         0   0.04918   0.01722   0.05355    0.0237   0.02674
    13/199     2.53G   0.08751   0.03365   0.03784     0.159         5       640         0         0   0.06814   0.02387   0.05187   0.02369    0.0254
    14/199     2.53G   0.08511   0.04234   0.03739    0.1648         7       640         0         0   0.08179   0.02405   0.05038   0.02362   0.02391
    15/199     2.53G   0.06896   0.03002   0.02835    0.1273         2       640         0         0    0.1124   0.03442   0.04846    0.0236   0.02234
    16/199     2.53G   0.08333   0.03573   0.03213    0.1512         2       640         1   0.01852    0.1421   0.04242   0.04643   0.02353   0.02063
    17/199     2.53G   0.07003   0.03066   0.02737    0.1281         4       640    0.9515   0.01852    0.1596   0.05212   0.04551   0.02332   0.01897
    18/199     2.53G   0.06751   0.03079    0.0246    0.1229         1       640    0.9495   0.01852    0.2083   0.06647   0.04449   0.02317   0.01746
    19/199     2.53G   0.06654   0.03224   0.02316    0.1219         3       640         1   0.01852     0.241   0.07844   0.04486   0.02271   0.01596
    20/199     2.53G   0.07252   0.03186   0.02343    0.1278         2       640         1   0.02407    0.2918   0.09465   0.04439   0.02249   0.01499
    21/199     2.53G   0.06744   0.03286   0.02142    0.1217         4       640    0.6631    0.1095    0.3119    0.1035   0.04312   0.02225   0.01357
    22/199     2.53G   0.06677   0.03055     0.019    0.1163         1       640    0.7809    0.1983    0.3704    0.1171   0.04173     0.022   0.01213
    23/199     2.53G   0.06658   0.03815   0.01791    0.1226         4       640    0.6281    0.3128    0.3998    0.1158   0.04107   0.02156   0.01086
    24/199     2.53G   0.07556   0.03095   0.01734    0.1239         4       640    0.4648    0.4074    0.4309    0.1335   0.03934   0.02117  0.009721
    25/199     2.53G   0.05973   0.02522    0.0157    0.1007         2       640    0.3781       0.5    0.4653    0.1648   0.03844   0.02058  0.008638
    26/199     2.53G   0.05518   0.02402   0.01396   0.09315         1       640    0.3088    0.6481    0.5254    0.1749   0.03843   0.01984  0.007669
    27/199     2.53G    0.0658   0.02986   0.01647    0.1121         3       640    0.2602    0.7407    0.5078    0.1677   0.03683   0.01941  0.006858
    28/199     2.53G   0.06056     0.027   0.01426    0.1018         1       640    0.2192    0.8148    0.4945    0.1746   0.03643   0.01879  0.006211
    29/199     2.53G    0.0587   0.02198   0.01041   0.09108         1       640     0.172    0.8889    0.5109    0.1756   0.03588   0.01847  0.005538
    30/199     2.53G   0.06783   0.02817   0.01223    0.1082         3       640    0.1413    0.8889       0.5    0.1448   0.03496   0.01823  0.004984
    31/199     2.53G   0.05445   0.02287  0.009544   0.08686         1       640    0.1338    0.9074    0.6019     0.238   0.03369    0.0177  0.004494
    32/199     2.53G   0.06497   0.02406  0.009013   0.09805         3       640    0.1208    0.9074    0.6615    0.2567   0.03351   0.01735  0.004112
    33/199     2.53G    0.0577   0.02365  0.007993   0.08934         1       640    0.1367    0.9074    0.6954    0.2957   0.03167    0.0171  0.003784
    34/199     2.53G   0.06072   0.02488   0.00785   0.09345         2       640    0.1281    0.9074    0.6633    0.3211   0.03222   0.01675  0.003476
    35/199     2.53G   0.05826   0.02305  0.007187   0.08849         1       640    0.1346    0.9074    0.6546    0.2477   0.03334   0.01644  0.003227
    36/199     2.53G   0.05828   0.02571  0.006059   0.09005         2       640   0.06866    0.9259    0.1111   0.03394   0.04683   0.01577  0.003029
    37/199     2.53G   0.06705   0.02992  0.006763    0.1037         5       640     0.133    0.9074     0.408    0.1109   0.03908    0.0156  0.002993
    38/199     2.53G   0.05615   0.02168  0.005736   0.08357         1       640   0.09584    0.9074     0.412    0.1162   0.03955   0.01524  0.002881
    39/199     2.53G   0.06381   0.02005  0.006812   0.09067         2       640    0.1176    0.9444    0.4272    0.1222   0.04404   0.01454  0.002802
    40/199     2.53G   0.06491   0.02916  0.006118    0.1002         5       640    0.1598    0.9444    0.5022    0.1753   0.04199   0.01441  0.002667
    41/199     2.53G   0.05959   0.02782  0.005431   0.09284         5       640    0.1155    0.9259    0.4356    0.1427   0.04145   0.01405  0.002546
    42/199     2.53G   0.06229   0.01916     0.006   0.08744         2       640    0.1884    0.9444     0.673    0.2748   0.03622   0.01421  0.002505
    43/199     2.53G   0.04814   0.02036  0.004937   0.07344         1       640    0.1646    0.9815    0.6786    0.2061   0.03498   0.01402  0.002432
    44/199     2.53G   0.05959   0.02586   0.00553   0.09098         3       640    0.1497    0.9815     0.698    0.1722   0.04102   0.01339  0.002382
    45/199     2.53G   0.06016   0.02784  0.005243   0.09323         4       640     0.179    0.9815    0.7184    0.2771   0.03376    0.0137  0.002339
    46/199     2.53G   0.04539   0.02049  0.004053   0.06994         1       640    0.1265     0.963    0.3258    0.0914   0.04425   0.01287  0.002287
    47/199     2.53G   0.05011   0.01876  0.003973   0.07284         1       640    0.1506     0.963    0.5151    0.1286     0.044   0.01287  0.002233
    48/199     2.53G   0.05593   0.02033  0.003689   0.07995         1       640    0.1959     0.963    0.7204    0.3521    0.0377   0.01308  0.002261
    49/199     2.53G   0.05913   0.02403  0.004623   0.08779         2       640    0.1948    0.9815    0.7047     0.277   0.03598   0.01302  0.002195
    50/199     2.53G   0.05101   0.02078  0.004051   0.07584         1       640    0.1962    0.9815    0.7437    0.2841   0.04107   0.01231  0.002102
    51/199     2.53G   0.05776   0.01674  0.003672   0.07817         1       640    0.2002    0.9815    0.6991    0.2259   0.03786   0.01254  0.002016
    52/199     2.53G   0.05452   0.02166  0.003555   0.07974         2       640    0.1345     0.963    0.3699   0.07986   0.04713   0.01191   0.00192
    53/199     2.53G   0.06248   0.02024  0.003778    0.0865         3       640    0.2595         1    0.6545    0.1547   0.03773   0.01234  0.001977
    54/199     2.53G     0.054   0.02305  0.003214   0.08026         3       640    0.2531    0.9815    0.6843    0.2398   0.03485   0.01219  0.002017
    55/199     2.53G   0.04516   0.01851  0.003186   0.06685         0       640    0.2689    0.9815      0.68     0.141   0.04037   0.01175  0.001995
    56/199     2.53G   0.05388   0.01993  0.003297   0.07711         4       640    0.1841    0.9815     0.626    0.2936   0.03519   0.01196  0.001991
    57/199     2.53G   0.05097   0.02067  0.003034   0.07468         3       640    0.2024    0.9815    0.6559    0.2622   0.03721   0.01169  0.001982
    58/199     2.53G    0.0608   0.01802  0.003032   0.08185         1       640    0.1912    0.9815    0.5678    0.1481   0.03775    0.0117  0.001939
    59/199     2.53G   0.05588   0.01888  0.003113   0.07787         2       640    0.1939    0.9815    0.6466    0.2101   0.04006   0.01144  0.001918
    60/199     2.53G   0.05566   0.02502  0.003769   0.08445         4       640     0.195    0.9815     0.648    0.2582    0.0394   0.01122  0.001896
    61/199     2.53G   0.05402   0.02483   0.00345    0.0823         4       640     0.207    0.9815    0.5522    0.1936   0.04061   0.01107  0.001903
    62/199     2.53G   0.04692    0.0199  0.002926   0.06975         1       640    0.2452    0.9815    0.7854     0.387   0.03343   0.01114  0.001918
    63/199     2.53G    0.0549   0.02191  0.003251   0.08007         2       640    0.2619         1    0.8319    0.2997   0.02967    0.0112  0.001872
    64/199     2.53G   0.04918   0.02231  0.003353   0.07484         1       640    0.1807         1    0.4797    0.1471   0.03792   0.01089  0.001798
    65/199     2.53G   0.05229   0.02038  0.003003   0.07567         3       640    0.2329         1    0.7721    0.3254   0.03064   0.01098  0.001864
    66/199     2.53G   0.04628    0.0213  0.002985   0.07056         2       640    0.1579         1    0.5874    0.1586   0.04448   0.01027  0.001695
    67/199     2.53G   0.06306   0.01844  0.002799   0.08431         3       640    0.1801    0.9815    0.6665    0.3366   0.03944   0.01016  0.001719
    68/199     2.53G   0.05599   0.02046  0.002754    0.0792         3       640    0.1875    0.9815    0.6635    0.3005    0.0444      0.01  0.001835
    69/199     2.53G   0.07217   0.02067  0.003649   0.09649         6       640    0.2099    0.9815    0.6536    0.1638    0.0434  0.009681  0.001981
    70/199     2.53G   0.05848   0.01375  0.002815   0.07504         1       640    0.3192    0.9813    0.5835    0.1735   0.04495  0.009539  0.002275
    71/199     2.53G   0.06142   0.01953  0.003258   0.08421         1       640    0.2793    0.9815    0.7042    0.2576      0.04   0.01017  0.002464
    72/199     2.53G   0.06146   0.02012  0.003345   0.08492         4       640    0.3891    0.9815    0.8367    0.4307   0.03605   0.01064  0.002632
    73/199     2.53G   0.06354   0.02106  0.003528   0.08813         4       640    0.3675    0.9815    0.8546    0.4234    0.0344   0.01065  0.002538
    74/199     2.53G    0.0553   0.01687  0.003079   0.07524         1       640    0.2866    0.9815    0.6471    0.2294   0.04158   0.00977  0.002286
    75/199     2.53G   0.05805    0.0194  0.003111   0.08056         1       640    0.3103    0.9815    0.9048    0.4075   0.03581  0.009912  0.002168
    76/199     2.53G   0.05818   0.01906  0.003328   0.08058         2       640    0.2211         1    0.5779     0.176   0.04144      0.01   0.00192
    77/199     2.53G   0.05911   0.01725  0.002985   0.07934         1       640    0.2988         1    0.7516    0.2456   0.03535   0.01007  0.001907
    78/199     2.53G   0.05281   0.02049   0.00309   0.07639         2       640    0.2445         1    0.8475     0.399   0.03518   0.01008  0.001748
    79/199     2.53G    0.0518   0.02086  0.003282   0.07594         2       640    0.3859         1    0.8675    0.4379    0.0294  0.009992  0.001729
    80/199     2.53G   0.04791   0.01624  0.003551    0.0677         1       640    0.1944         1    0.7363    0.3981   0.04553  0.009272  0.001589
    81/199     2.53G   0.05824   0.01914  0.002681   0.08006         4       640     0.216         1    0.7386    0.4293   0.03486  0.009514  0.001623
    82/199     2.53G   0.05526    0.0176   0.00312   0.07598         2       640    0.2045         1    0.7355    0.2727   0.04497  0.008839  0.001658
    83/199     2.53G   0.05511   0.01768  0.002759   0.07555         2       640    0.2991         1    0.8293    0.3928   0.03632  0.009322  0.001733
    84/199     2.53G   0.05007   0.01929  0.002878   0.07224         3       640    0.3771         1    0.9332    0.5076   0.03479  0.009362  0.001733
    85/199     2.53G   0.04771   0.01515  0.002267   0.06513         1       640    0.3042         1    0.8702    0.4526   0.03842  0.009049  0.001761
    86/199     2.53G   0.05184   0.01596    0.0026    0.0704         1       640    0.2783         1     0.748    0.1376   0.04504  0.008718  0.001743
    87/199     2.53G   0.05778   0.01745  0.003355   0.07859         2       640    0.3228         1    0.8729     0.346   0.03821  0.008906  0.001822
    88/199     2.53G   0.04535   0.01843  0.002484   0.06627         4       640    0.3249         1    0.9526    0.5575    0.0345  0.009111  0.001849
    89/199     2.53G   0.04751    0.0192  0.002778   0.06949         2       640    0.3275         1    0.9577    0.6069    0.0325  0.009091   0.00183
    90/199     2.53G   0.04623   0.01522  0.002523   0.06397         2       640    0.2689         1    0.8896    0.3981   0.03487  0.008899  0.001722
    91/199     2.53G   0.05094   0.01338  0.002244   0.06657         1       640    0.2485         1    0.7915    0.2414   0.04259  0.008584  0.001736
    92/199     2.53G   0.06067   0.01627  0.002842   0.07978         1       640    0.3028         1    0.8264    0.2533   0.03702  0.008761  0.001798
    93/199     2.53G   0.05109   0.01536  0.002523   0.06898         1       640      0.38         1    0.9271    0.4564   0.03166  0.009175  0.001872
    94/199     2.53G   0.04117   0.01823  0.002866   0.06227         2       640    0.4319         1     0.967    0.5962   0.03211  0.009179  0.001859
    95/199     2.53G   0.04604   0.01613  0.003659   0.06583         1       640    0.3253         1    0.8574    0.4033   0.03286  0.008934  0.001734
    96/199     2.53G   0.04244   0.01563  0.002323   0.06039         1       640    0.2653         1    0.7008    0.1648   0.04052  0.008633  0.001637
    97/199     2.53G   0.05692   0.01302   0.00254   0.07248         2       640    0.2974    0.9815    0.6587    0.1604    0.0401  0.008552  0.001691
    98/199     2.53G    0.0552   0.01574  0.002696   0.07363         2       640    0.4118         1    0.8707     0.218   0.03598  0.008683  0.001799
    99/199     2.53G   0.04563   0.01607  0.002693   0.06439         2       640    0.4011    0.9815    0.9294    0.3848   0.03077  0.008803  0.001889
   100/199     2.53G   0.04551   0.01604  0.002749    0.0643         2       640    0.3304    0.9961    0.8394    0.4771    0.0309   0.00872  0.001863
   101/199     2.53G   0.04775   0.01483  0.002534   0.06511         2       640    0.2586         1    0.5911    0.1945   0.03739  0.008675  0.001805
   102/199     2.53G   0.05272   0.01765  0.002626   0.07299         3       640    0.3295         1    0.6894    0.2161    0.0346   0.00866   0.00192
   103/199     2.53G    0.0424    0.0148   0.00279   0.05999         2       640     0.464         1    0.8709    0.4547    0.0261  0.008786  0.002021
   104/199     2.53G   0.03713   0.02076  0.002985   0.06087         4       640    0.6017         1     0.958    0.6222   0.02184  0.008885  0.002002
   105/199     2.53G   0.03885   0.01896  0.003174   0.06098         1       640    0.4885         1    0.9219    0.4346   0.02956  0.008311  0.001841
   106/199     2.53G   0.04715   0.01697  0.002384    0.0665         3       640    0.3108         1    0.8227    0.2971   0.03247  0.008457  0.001779
   107/199     2.53G   0.05675   0.01553  0.002568   0.07485         2       640    0.3108         1    0.8227    0.2971   0.03247  0.008457  0.001779
   108/199     2.53G   0.05272   0.01278   0.00217   0.06768         2       640    0.2517    0.9815    0.5507    0.1663   0.03626  0.008568  0.001764
   109/199     2.53G   0.04659   0.01599  0.002565   0.06514         2       640    0.2818         1    0.5813    0.2424   0.03272  0.008517  0.001751
   110/199     2.53G   0.04721   0.01869  0.002476   0.06838         5       640    0.3419         1    0.6335    0.3602   0.02737  0.008352  0.001736
   111/199     2.53G   0.03474   0.01886  0.002094   0.05569         0       640    0.3988         1    0.6675    0.3406   0.02566  0.008289   0.00172
   112/199     2.53G   0.03721   0.01826  0.002372   0.05784         4       640    0.4932         1    0.8354    0.4287   0.02327  0.008196   0.00172
   113/199     2.53G   0.04219   0.01922  0.002663   0.06408         4       640    0.6027         1    0.9676      0.61   0.02087  0.008031  0.001702
   114/199     2.53G   0.03796   0.01807   0.00252   0.05855         3       640    0.5801         1    0.9671    0.6726   0.01981  0.007927  0.001672
   115/199     2.53G   0.03554   0.02002  0.002311   0.05787         6       640    0.6465         1    0.9645    0.7052   0.01889  0.007818  0.001635
   116/199     2.53G   0.04111   0.01744  0.002347    0.0609         2       640    0.6575         1    0.9741    0.7302   0.01848  0.007669   0.00159
   117/199     2.53G   0.02844   0.01459  0.001828   0.04486         1       640    0.6231         1    0.9778    0.7148   0.01799  0.007587  0.001544
   118/199     2.53G    0.0398   0.02013  0.002323   0.06226         4       640    0.6061         1    0.9828    0.7114   0.01836  0.007574  0.001502
   119/199     2.53G   0.04107   0.01667  0.002284   0.06003         3       640    0.6177         1    0.9875    0.7316   0.01775  0.007615  0.001457
   120/199     2.53G   0.03069   0.01621  0.002003    0.0489         2       640    0.5983         1    0.9864    0.7176   0.01827  0.007619  0.001415
   121/199     2.53G   0.03484   0.01286  0.001939   0.04963         1       640    0.5835         1    0.9902    0.7372   0.01861  0.007623  0.001384
   122/199     2.53G   0.04021   0.01716  0.001852   0.05922         4       640    0.4996         1    0.9736    0.5923    0.0249  0.008013  0.001352
   123/199     2.53G   0.03314   0.01366   0.00176   0.04856         3       640    0.4835         1     0.981    0.6546   0.02148  0.007655  0.001337
   124/199     2.53G   0.03507   0.01439  0.002026   0.05148         1       640    0.5107         1    0.9796    0.7064   0.01981  0.007462  0.001314
   125/199     2.53G   0.03582   0.01427  0.001774   0.05186         1       640    0.5657         1    0.9783     0.728   0.01929  0.007444  0.001303
   126/199     2.53G   0.03576    0.0158  0.001806   0.05336         3       640      0.66         1     0.976    0.6996   0.01934  0.007456  0.001295
   127/199     2.53G   0.03451   0.01368  0.001725   0.04991         2       640    0.6148         1    0.9674    0.7131   0.01983  0.007511  0.001283
   128/199     2.53G    0.0425   0.01477  0.002708   0.05998         2       640    0.6429         1    0.9755    0.7142   0.01798  0.007447  0.001273
   129/199     2.53G   0.03921   0.01479  0.001819   0.05582         2       640    0.6044         1    0.9784    0.7196   0.01746  0.007442  0.001269
   130/199     2.53G   0.03026   0.01657  0.001697   0.04853         3       640    0.5873         1    0.9792    0.7253   0.01666  0.007403  0.001247
   131/199     2.53G   0.03715   0.01475  0.001736   0.05364         1       640    0.3845         1    0.8622     0.541   0.02963  0.007622  0.001185
   132/199     2.53G   0.04384    0.0137  0.001587   0.05914         1       640    0.3845         1    0.8622     0.541   0.02963  0.007622  0.001185
   133/199     2.53G   0.04573   0.01561  0.001588   0.06293         6       640    0.3282         1    0.8404     0.558   0.03124  0.007516  0.001178
   134/199     2.53G   0.04486    0.0159  0.001863   0.06263         4       640    0.4275         1    0.9198    0.6205   0.02643  0.007172  0.001196
   135/199     2.53G   0.04379   0.01431  0.001799    0.0599         4       640    0.3852         1    0.9312    0.4266   0.03035  0.007483  0.001233
   136/199     2.53G   0.04731   0.01565  0.001828   0.06479         2       640    0.4851         1    0.9039    0.4976   0.02387  0.007319  0.001312
   137/199     2.53G   0.03927   0.01336  0.001804   0.05443         2       640    0.2785         1    0.6566    0.2346   0.03928  0.007347   0.00141
   138/199     2.53G   0.06185   0.02254  0.002017   0.08641         8       640    0.3629         1    0.7764    0.4057   0.02952  0.007646  0.001582
   139/199     2.53G    0.0392   0.01499  0.002514   0.05671         2       640    0.3629         1    0.7764    0.4057   0.02952  0.007646  0.001582
   140/199     2.53G   0.04048   0.01414  0.002084   0.05671         1       640    0.4868         1    0.8696    0.4633    0.0253  0.008126  0.001731
   141/199     2.53G   0.03606   0.01444  0.002342   0.05284         1       640    0.7509         1    0.9848    0.6467    0.0176  0.008541  0.001817
   142/199     2.53G   0.03543     0.015  0.002396   0.05283         1       640    0.8243         1    0.9947    0.7304   0.01723  0.008105  0.001781
   143/199     2.53G   0.03641   0.01615  0.002227   0.05479         1       640    0.6246         1    0.9613    0.6341   0.02321   0.00753  0.001693
   144/199     2.53G   0.04373   0.01457  0.002071   0.06037         1       640    0.5015         1    0.9303     0.516   0.02671  0.007623  0.001627
   145/199     2.53G   0.04461   0.01289  0.002343   0.05984         3       640     0.407         1    0.8989    0.4419   0.03112  0.007453  0.001675
   146/199     2.53G   0.05092   0.01515  0.002367   0.06843         1       640     0.407         1    0.8989    0.4419   0.03112  0.007453  0.001675
   147/199     2.53G   0.05189   0.01375  0.002304   0.06795         2       640    0.3291         1    0.7947     0.283   0.03696   0.00744  0.001711
   148/199     2.53G    0.0486   0.01428  0.002452   0.06534         3       640    0.3779         1    0.8212    0.3703   0.03403  0.007305  0.001794
   149/199     2.53G   0.04719   0.01478  0.002456   0.06443         3       640    0.3824         1     0.811    0.4493   0.03049  0.007365  0.001888
   150/199     2.53G   0.04674   0.01355  0.002714   0.06301         2       640    0.4113         1    0.8654    0.5771   0.03142  0.007299  0.001909
   151/199     2.53G   0.04742   0.01184  0.002513   0.06178         1       640    0.4362         1    0.9373    0.6371   0.02975  0.007228  0.001933
   152/199     2.53G   0.04916   0.02359  0.002868   0.07561         7       640    0.3772         1     0.872    0.4806   0.03496  0.007151   0.00183
   153/199     2.53G   0.05005   0.01284  0.002447   0.06534         1       640    0.3772         1     0.872    0.4806   0.03496  0.007151   0.00183
   154/199     2.53G   0.05345    0.0149  0.002603   0.07096         1       640    0.3391         1    0.8162    0.3472   0.03837  0.007122  0.001805
   155/199     2.53G   0.05237   0.01399  0.002469   0.06882         1       640    0.3391         1    0.8162    0.3472   0.03837  0.007122  0.001805
   156/199     2.53G   0.04618   0.01313  0.002594    0.0619         2       640    0.3227         1    0.8565    0.3525   0.03729  0.007083  0.001811
   157/199     2.53G   0.04621   0.01283  0.002245   0.06129         2       640    0.4181         1    0.9641    0.4829    0.0303  0.007067  0.001843
   158/199     2.53G   0.04048   0.01565  0.002443   0.05857         3       640    0.3852         1    0.8339    0.5173   0.03199  0.007076  0.001768
   159/199     2.53G   0.04263    0.0119  0.002195   0.05672         1       640    0.3852         1    0.8339    0.5173   0.03199  0.007078  0.001768
   160/199     2.53G   0.05008   0.01587  0.002768   0.06872         3       640    0.3303         1    0.7534    0.4065   0.03478  0.007102  0.001743
   161/199     2.53G   0.04769    0.0175  0.002449   0.06764         3       640    0.4137         1    0.9679    0.7138      0.03  0.006903  0.001735
   162/199     2.53G   0.04253   0.01498  0.002296   0.05981         1       640     0.323         1    0.8659    0.4594   0.03381  0.007046  0.001651
   163/199     2.53G   0.05165   0.01513  0.002377   0.06916         4       640     0.323         1    0.8659    0.4594   0.03381  0.007046  0.001651
   164/199     2.53G   0.05117   0.01353   0.00216   0.06686         1       640    0.2717         1    0.8176    0.3202    0.0381  0.007355  0.001619
   165/199     2.53G   0.05194   0.01662  0.002977   0.07154         3       640    0.3226         1    0.8903    0.4421   0.03216  0.007118  0.001671
   166/199     2.53G   0.04676   0.01819  0.002458   0.06741         6       640    0.4498         1    0.9498    0.6495   0.02621  0.006961  0.001779
   167/199     2.53G   0.04606   0.01263  0.003231   0.06192         2       640    0.4498         1    0.9498    0.6495   0.02621  0.006961  0.001779
   168/199     2.53G   0.04514   0.01436   0.00263   0.06212         3       640    0.3015         1    0.7726    0.3874   0.03018   0.00716  0.001851
   169/199     2.53G   0.04385   0.01806  0.002668   0.06458         3       640    0.3612         1    0.8864    0.5724   0.02675  0.007115  0.001936
   170/199     2.53G   0.04336   0.01977  0.002683   0.06582         9       640    0.4885         1    0.9672    0.6629   0.02391  0.007132  0.001973
   171/199     2.53G   0.03831   0.01482  0.002578    0.0557         3       640    0.4885         1    0.9672    0.6629   0.02391  0.007132  0.001973
   172/199     2.53G   0.04925   0.01365  0.002597   0.06549         1       640    0.3609         1    0.8542    0.4028   0.02833  0.007144  0.002011
   173/199     2.53G   0.04159   0.01583  0.002462   0.05987         2       640    0.4504         1    0.8821    0.4308   0.02227  0.007263   0.00202
   174/199     2.53G   0.04142   0.01538  0.002698    0.0595         3       640    0.6217         1    0.9551    0.5525   0.02398  0.007172  0.001955
   175/199     2.53G   0.03646   0.01309  0.002394   0.05195         3       640    0.6217         1    0.9551    0.5525   0.02398  0.007172  0.001955
   176/199     2.53G    0.0407   0.01703  0.002799   0.06053         4       640    0.4401         1    0.9051    0.4643   0.02891  0.007095  0.001916
   177/199     2.53G   0.03482   0.01234  0.002528   0.04969         2       640    0.5505         1    0.9251     0.571   0.02525  0.007024  0.001837
   178/199     2.53G   0.03579   0.01666  0.002491   0.05494         2       640    0.5918         1    0.9383    0.6097   0.02186  0.006898  0.001704
   179/199     2.53G   0.03319   0.01638  0.002371   0.05194         2       640    0.5918         1    0.9383    0.6097   0.02186  0.006898  0.001704
   180/199     2.53G   0.03751   0.01489  0.002298   0.05469         3       640    0.4844         1    0.9255    0.5455   0.02538  0.006887  0.001609
   181/199     2.53G    0.0375   0.01487  0.002111   0.05448         4       640    0.6111         1    0.9735    0.6775   0.02223  0.006745  0.001533
   182/199     2.53G   0.02879   0.01213   0.00197   0.04289         1       640    0.5469         1    0.9659    0.6353   0.02276  0.006713  0.001459
   183/199     2.53G   0.03322     0.014  0.003643   0.05086         2       640    0.5469         1    0.9659    0.6353   0.02276  0.006713  0.001459
   184/199     2.53G   0.03844   0.01368  0.001949   0.05407         2       640    0.4422         1    0.9229    0.5284    0.0256  0.006823  0.001401
   185/199     2.53G   0.03091   0.01619  0.001876   0.04897         7       640    0.6057         1    0.9944    0.7605   0.02123  0.006539  0.001342
   186/199     2.53G   0.03542   0.01209  0.002441   0.04995         1       640    0.6165         1    0.9812     0.642   0.01959  0.006724  0.001316
   187/199     2.53G    0.0324     0.013  0.001863   0.04726         1       640    0.6165         1    0.9812     0.642   0.01959  0.006724  0.001316
   188/199     2.53G   0.02847   0.01038  0.001638   0.04048         1       640    0.5399         1    0.9587    0.5741    0.0221  0.006886  0.001283
   189/199     2.53G   0.03583   0.01537  0.001839   0.05304         2       640    0.6846         1    0.9914     0.749   0.01777  0.006525  0.001264
   190/199     2.53G    0.0368   0.01586  0.002035    0.0547         4       640     0.487         1    0.9523    0.6344    0.0209  0.006676   0.00125
   191/199     2.53G   0.03978   0.01527  0.001811   0.05686         2       640     0.487         1    0.9523    0.6344    0.0209  0.006676   0.00125
   192/199     2.53G   0.03434    0.0131  0.001734   0.04918         3       640    0.4064         1    0.8138    0.4615   0.02452  0.006821  0.001243
   193/199     2.53G   0.03277   0.01189   0.00178   0.04644         2       640    0.5058         1    0.8587    0.6095   0.01889  0.006294  0.001262
   194/199     2.53G   0.03155   0.01255    0.0015    0.0456         1       640    0.6141         1    0.9176    0.5875   0.02008  0.006313  0.001287
   195/199     2.53G   0.03789   0.01675  0.001885   0.05653         4       640    0.6141         1    0.9176    0.5875   0.02008  0.006309  0.001287
   196/199     2.53G   0.03569   0.01331  0.001863   0.05086         2       640    0.4877         1    0.8346    0.4649   0.02226  0.006405  0.001323
   197/199     2.53G   0.03536   0.01605  0.001959   0.05337         3       640    0.8398         1    0.9951    0.7845   0.01459  0.006069  0.001352
   198/199     2.53G   0.02687   0.01275   0.00183   0.04145         2       640    0.8101         1    0.9938    0.6929   0.01838  0.006137  0.001352
   199/199     2.53G    0.0346   0.01607  0.001957   0.05263         2       640    0.8101         1    0.9938    0.6929   0.01838  0.006137  0.001352
