     0/199     2.45G    0.1208   0.02656   0.06109    0.2084        15       640         0         0   0.01385   0.00318    0.1194   0.02291   0.06013
     1/199     2.46G    0.1164   0.02681   0.05715    0.2004         9       640         0         0   0.01804  0.003181    0.1122   0.02268   0.05642
     2/199     2.46G    0.1117    0.0277   0.05556     0.195        16       640         0         0   0.02074  0.003389    0.1019   0.02248   0.05213
     3/199     2.46G    0.1028   0.02649   0.05278    0.1821        10       640         0         0   0.02016  0.004079   0.09022   0.02255   0.04812
     4/199     2.46G   0.09963   0.02792   0.04929    0.1768        17       640         0         0   0.02472  0.004344    0.0837   0.02282   0.04395
     5/199     2.46G    0.0922   0.02738   0.04414    0.1637        15       640         0         0   0.03641  0.006524   0.07837    0.0229   0.03896
     6/199     2.46G   0.08808   0.02771   0.04136    0.1572        17       640         0         0   0.03937  0.007252    0.0757   0.02298   0.03445
     7/199     2.46G   0.09026   0.02805   0.03729    0.1556        15       640         0         0   0.04699   0.00901   0.07412   0.02277   0.03059
     8/199     2.46G   0.08841   0.02942   0.03502    0.1528        16       640         0         0   0.06362   0.01133   0.07144    0.0226    0.0275
     9/199     2.46G     0.085   0.03031   0.03121    0.1465        16       640         0         0   0.06398   0.01345   0.07056   0.02237   0.02447
    10/199     2.46G   0.08321   0.02772   0.02819    0.1391         9       640    0.0736    0.0092   0.08819   0.02075   0.06536   0.02243   0.02039
    11/199     2.46G   0.07929   0.02674   0.02406    0.1301        15       640    0.1463   0.02862    0.1238   0.02696   0.06348   0.02223   0.01743
    12/199     2.46G   0.07814   0.02748   0.02151    0.1271        16       640    0.2823    0.2361     0.174   0.04062   0.06068   0.02178   0.01472
    13/199     2.46G   0.07668   0.02485   0.01854    0.1201        17       640    0.1897     0.375    0.2664   0.05489   0.06013   0.02131   0.01242
    14/199     2.46G   0.06702   0.02423   0.01498    0.1062        10       640     0.102    0.6389    0.3274   0.07341   0.05804    0.0208  0.009785
    15/199     2.46G   0.06912   0.02635    0.0132    0.1087        14       640    0.1051    0.7222    0.4539    0.1129   0.05791   0.02047  0.008239
    16/199     2.46G   0.07057   0.02707   0.01322    0.1109        19       640     0.082    0.7639    0.4595    0.1155   0.05468   0.02008  0.006772
    17/199     2.46G   0.06428    0.0266    0.0101     0.101        12       640   0.07785    0.8056     0.482    0.1164   0.05533   0.01983  0.005993
    18/199     2.46G   0.06849   0.02447   0.00979    0.1028        13       640   0.07405    0.8611    0.5443    0.1283    0.0518   0.01991  0.004945
    19/199     2.46G   0.06503   0.02435  0.008668   0.09805        15       640   0.06718    0.9028    0.5159    0.1443   0.05218   0.01952  0.004424
    20/199     2.46G    0.0656   0.02684  0.006976   0.09942        21       640    0.0858    0.8889    0.5707    0.1559   0.04958   0.01915  0.003946
    21/199     2.46G   0.06438   0.02163  0.008734   0.09475        12       640   0.07501    0.9028    0.5104    0.1236   0.04962   0.01831  0.003703
    22/199     2.46G   0.06377   0.02317  0.006054   0.09299        13       640   0.09809     0.875    0.5307    0.1064   0.04864   0.01761  0.003417
    23/199     2.46G    0.0606   0.02102  0.005591   0.08721        12       640    0.1005    0.8194    0.5289    0.1313   0.05359   0.01665  0.003322
    24/199     2.46G   0.06317   0.02135  0.004563   0.08909        12       640   0.07655    0.8611    0.2072   0.03275   0.05518   0.01614  0.003187
    25/199     2.46G   0.07155   0.02047  0.004893   0.09691        10       640   0.08784    0.8194    0.3478   0.07029   0.06432   0.01497  0.003128
    26/199     2.46G    0.0661   0.02086  0.004781   0.09174        13       640     0.144    0.8333    0.5249     0.129   0.05176   0.01563  0.002968
    27/199     2.46G   0.06071   0.02226  0.004482   0.08745        12       640    0.1202    0.8472    0.5459    0.1442   0.05363   0.01515   0.00279
    28/199     2.46G   0.06501   0.02261  0.004407   0.09203        12       640    0.1349     0.875    0.5264    0.1332    0.0493   0.01513  0.002725
    29/199     2.46G   0.06382   0.01845  0.004103   0.08638        10       640    0.1288    0.9028    0.4513    0.1045   0.05067     0.015   0.00258
    30/199     2.46G   0.06566   0.02018  0.004481   0.09033        16       640    0.2135    0.8056    0.4785    0.1254   0.05459   0.01423  0.002677
    31/199     2.46G   0.06286   0.02113  0.003739   0.08773        15       640     0.232    0.8889     0.593    0.1642   0.05039    0.0151  0.002614
    32/199     2.46G   0.06219   0.02259  0.004439   0.08922        15       640    0.2361    0.9028    0.6346    0.1597   0.04652   0.01469  0.002508
    33/199     2.46G   0.05921    0.0218  0.003833   0.08484        17       640    0.2026    0.8889    0.5333    0.1357   0.05281   0.01368  0.002351
    34/199     2.46G   0.06537   0.02023  0.003853   0.08945        13       640    0.1841    0.9028    0.5919    0.1957   0.05043   0.01368   0.00228
    35/199     2.46G   0.06093   0.02058    0.0036    0.0851        14       640    0.1629    0.9861    0.6366    0.1703   0.05229   0.01361  0.002117
    36/199     2.46G    0.0604   0.02089  0.002829   0.08412        15       640    0.1762    0.9583    0.6788    0.2265   0.05798   0.01315  0.002082
    37/199     2.46G   0.06298   0.01809  0.003291   0.08436         8       640    0.1903    0.9861     0.684    0.2188    0.0565   0.01308  0.002068
    38/199     2.46G    0.0642    0.0185  0.003475   0.08618         9       640    0.2177    0.9306    0.6917    0.2122   0.05474   0.01294  0.002142
    39/199     2.46G   0.06254   0.01837  0.003299   0.08421        14       640    0.2086    0.9583    0.6484    0.1643   0.05442   0.01306  0.002355
    40/199     2.46G   0.06654   0.01732  0.003583   0.08745        19       640    0.2703     0.875    0.6849    0.2272   0.06062   0.01224  0.002467
    41/199     2.46G   0.06348   0.01877  0.003246    0.0855        18       640    0.1895    0.8472    0.5133    0.1294   0.05487   0.01213   0.00246
    42/199     2.46G   0.05854   0.01888  0.003572     0.081        10       640    0.1797    0.8889    0.6349    0.1817   0.04994    0.0124  0.002517
    43/199     2.46G   0.05609   0.01913  0.003376    0.0786         8       640    0.1723    0.9278    0.3975   0.08365   0.04797   0.01275  0.002345
    44/199     2.46G   0.06165   0.01755  0.002987   0.08218        12       640    0.1368    0.9306    0.3239   0.05799   0.05952   0.01179  0.002289
    45/199     2.46G   0.06457   0.01824  0.003453   0.08626         7       640    0.2202    0.9306    0.6109    0.2174   0.05555   0.01229  0.002524
    46/199     2.46G   0.05621   0.01714  0.003567   0.07692         8       640    0.2067    0.9028    0.5731    0.1847   0.05151   0.01245   0.00252
    47/199     2.46G   0.05429   0.01634  0.003103   0.07374        16       640    0.2369    0.9306    0.5709    0.1759   0.05216   0.01181  0.002314
    48/199     2.46G   0.05787   0.01802  0.003271   0.07916         9       640    0.2714    0.9167    0.6463    0.1339   0.05271   0.01153  0.002188
    49/199     2.46G   0.05904   0.01609  0.003052   0.07819        12       640    0.2364    0.9167    0.5637    0.1054   0.05342   0.01162  0.002125
    50/199     2.46G   0.05948   0.01687  0.003018   0.07937        11       640    0.2324    0.9583    0.6992    0.1564   0.04775   0.01183  0.002056
    51/199     2.46G   0.06055   0.01917  0.002967   0.08269        14       640   0.09481    0.9583    0.4928    0.1119   0.06409   0.01039   0.00187
    52/199     2.46G   0.06736   0.01593  0.002933   0.08622        17       640    0.3001         1    0.7683    0.2422   0.04872    0.0112  0.002232
    53/199     2.46G   0.05909   0.01529  0.003223    0.0776        11       640    0.3227    0.9722    0.6991    0.2264   0.04859   0.01103  0.002185
    54/199     2.46G    0.0525   0.01564  0.002944   0.07108        12       640    0.2497         1    0.7046     0.267   0.05449    0.0105   0.00203
    55/199     2.46G   0.05134   0.01717  0.002674   0.07118        16       640    0.2004         1    0.6608    0.2922   0.04713   0.01041  0.001846
    56/199     2.46G   0.05855   0.01695   0.00246   0.07797        13       640    0.1376    0.9722    0.6873    0.2843   0.07277  0.009498  0.001786
    57/199     2.46G   0.07309    0.0149  0.002632   0.09062        10       640    0.2515    0.9722    0.6231    0.2489   0.06219  0.009636  0.002082
    58/199     2.46G   0.06748   0.01291  0.002843   0.08323         8       640    0.3568    0.8472    0.6731    0.2347   0.06124   0.01096  0.002479
    59/199     2.46G   0.06387   0.01695  0.003501   0.08432        12       640    0.2716    0.9861    0.8469    0.3863   0.05675   0.01093   0.00255
    60/199     2.46G   0.06196   0.01555  0.003357   0.08087        17       640    0.2622         1    0.9105    0.4101   0.05489   0.01066  0.002599
    61/199     2.46G   0.06075   0.01416  0.003599    0.0785        10       640    0.2684         1    0.9318    0.4646   0.05907   0.01016  0.002598
    62/199     2.46G   0.06034   0.01649  0.003373    0.0802        11       640    0.2276         1    0.9288    0.4828   0.05442  0.009859  0.002432
    63/199     2.46G   0.06042   0.01526  0.003097   0.07878        14       640    0.2456         1     0.903    0.4595   0.04988   0.00986  0.002345
    64/199     2.46G   0.06039   0.01585  0.003482   0.07973        14       640    0.2781         1     0.867    0.3287   0.05362  0.009649  0.002372
    65/199     2.46G   0.06002   0.01439    0.0031   0.07751        15       640     0.246         1    0.6611    0.2576   0.05857  0.009206  0.002466
    66/199     2.46G   0.06168   0.01548  0.003193   0.08035        14       640    0.2519    0.9722    0.8192    0.2695   0.05319  0.009596  0.002516
    67/199     2.46G   0.05924   0.01474  0.003048   0.07703        16       640    0.2643    0.9861    0.7384     0.179   0.05196  0.009629  0.002532
    68/199     2.46G   0.06002   0.01517  0.003146   0.07834        13       640    0.4081         1    0.9595    0.3057   0.04795   0.01014  0.002723
    69/199     2.46G   0.05422   0.01612  0.003381   0.07372        13       640    0.3031         1    0.8432     0.301   0.04841   0.00943  0.002524
    70/199     2.46G   0.06088   0.01468   0.00309   0.07865        13       640    0.2594         1    0.7786    0.2565   0.04988  0.009751  0.002726
    71/199     2.46G   0.05109   0.01543   0.00344   0.06996         9       640    0.2721         1    0.7307     0.234   0.04828  0.009919  0.002771
    72/199     2.46G   0.05029   0.01599  0.003485   0.06976        17       640    0.3345    0.9722    0.8009    0.2447   0.04143  0.009389  0.002509
    73/199     2.46G   0.05747   0.01727  0.003116   0.07785        13       640    0.2258         1    0.5969    0.2069   0.05143  0.009301  0.002435
    74/199     2.46G   0.06609   0.01317  0.002742     0.082        11       640    0.3553    0.6659    0.3423   0.07591   0.07074  0.008184   0.00246
    75/199     2.46G   0.07074   0.01278  0.002728   0.08625        12       640    0.3354    0.8889    0.4771    0.1071   0.06631  0.008696  0.002566
    76/199     2.46G   0.07285   0.01473  0.003346   0.09092        16       640    0.3364    0.9444    0.4856    0.1311   0.06219  0.009304  0.002882
    77/199     2.46G   0.06541   0.01512   0.00367    0.0842        15       640    0.4524    0.9722     0.798    0.3386   0.05117   0.01007  0.003185
    78/199     2.46G   0.05745   0.01831  0.003867   0.07963         9       640    0.3386         1    0.8656     0.378    0.0495  0.009238  0.002852
    79/199     2.46G    0.0568   0.01477  0.003205   0.07478        13       640    0.2967         1    0.8176    0.2965   0.05127   0.00912  0.002671
    80/199     2.46G   0.06133    0.0149  0.003576    0.0798        17       640     0.234         1    0.6334    0.2227    0.0566  0.009004  0.002362
    81/199     2.46G   0.06072   0.01448  0.003069   0.07826        10       640    0.2731         1    0.7643     0.203   0.05378   0.00887  0.002551
    82/199     2.46G   0.05574   0.01304  0.003017   0.07179        12       640    0.3135         1    0.8615    0.3599   0.05044  0.008761  0.002548
    83/199     2.46G   0.05831   0.01501   0.00301   0.07633        12       640    0.4256         1    0.9179      0.44   0.04509  0.008906  0.002562
    84/199     2.46G   0.05794   0.01222  0.003304   0.07347        10       640    0.3814         1    0.7318    0.3743      0.05   0.00868  0.002387
    85/199     2.46G   0.05305   0.01332  0.002989   0.06936        14       640     0.456         1    0.9004    0.5221   0.04699  0.008603  0.002265
    86/199     2.46G   0.05299   0.01495  0.002846   0.07079        13       640    0.3433         1    0.8938     0.396   0.05582  0.008099  0.001958
    87/199     2.46G   0.06203   0.01361  0.002683   0.07833        13       640    0.3076    0.9861    0.4035    0.0969    0.0622    0.0079  0.001949
    88/199     2.46G   0.07401   0.01137  0.002397   0.08777        10       640     0.234    0.9028    0.2911    0.0595   0.06923  0.007546  0.002266
    89/199     2.46G    0.0722   0.01285  0.003244   0.08829        12       640    0.2939    0.9722    0.4835    0.1119   0.06251  0.008067  0.002653
    90/199     2.46G   0.06492   0.01416  0.003725   0.08281        15       640    0.3921    0.9861    0.5857    0.1737   0.05967  0.008546  0.002917
    91/199     2.46G   0.06658   0.01461  0.004152   0.08534        10       640    0.3915    0.9722    0.6425    0.1623     0.058  0.008668  0.003152
    92/199     2.46G   0.06409    0.0135  0.003934   0.08152        16       640    0.4382    0.9861    0.7679    0.2741   0.05255  0.008763  0.003059
    93/199     2.46G   0.05462    0.0139  0.003716   0.07224        13       640    0.4332    0.9861    0.8903    0.4311   0.04717  0.008846  0.002946
    94/199     2.46G   0.05198   0.01508  0.003591   0.07064        11       640    0.4031         1    0.9384    0.4111   0.04916  0.008523  0.002466
    95/199     2.46G   0.05877   0.01281  0.002872   0.07446         8       640    0.2852    0.9583    0.4615   0.09557   0.06606  0.007989  0.002162
    96/199     2.46G    0.0702   0.01364  0.002986   0.08683        17       640    0.3081         1    0.5925    0.1775   0.06408  0.007779   0.00223
    97/199     2.46G   0.06558   0.01304  0.003046   0.08167        16       640    0.3214         1    0.7246    0.3783   0.05746  0.007796  0.002199
    98/199     2.46G   0.06002   0.01201  0.003018   0.07505        10       640    0.4236    0.9861    0.8536    0.3517   0.05211  0.008021  0.002029
    99/199     2.46G   0.05785   0.01335  0.002555   0.07375        15       640    0.3147    0.9722    0.8472    0.3528   0.05468  0.007896  0.002069
   100/199     2.46G    0.0595    0.0129  0.002738   0.07513        11       640    0.3787    0.9861    0.8521    0.4409   0.05309  0.007848  0.002023
   101/199     2.46G   0.05532   0.01364  0.002571   0.07154        18       640    0.3663    0.9861      0.87    0.3907   0.05032  0.007647  0.001929
   102/199     2.46G   0.05924   0.01326  0.002431   0.07493        11       640    0.4455         1    0.6157    0.2025   0.05483  0.007786  0.001911
   103/199     2.46G   0.06288   0.01182  0.002816   0.07752        10       640    0.4455         1    0.6157    0.2025   0.05483  0.007786  0.001911
   104/199     2.46G   0.06319   0.01291  0.002352   0.07846        15       640    0.3374         1    0.5209    0.1199   0.06076  0.007331  0.002034
   105/199     2.46G   0.06514   0.01306  0.002893   0.08109        15       640    0.4493         1    0.6447    0.3459   0.05018  0.007849  0.002386
   106/199     2.46G    0.0598   0.01415  0.003281   0.07723        16       640    0.4225         1    0.7805    0.3924   0.04548  0.008035   0.00261
   107/199     2.46G    0.0504   0.01538  0.003248   0.06903        13       640    0.4182         1    0.7826    0.2476   0.04456  0.008087  0.002731
   108/199     2.46G   0.04621   0.01494  0.003537   0.06469        16       640    0.4251         1    0.9879    0.5113    0.0374  0.008206  0.002793
   109/199     2.46G   0.04667   0.01619  0.003851   0.06671        16       640    0.5345         1    0.9944    0.5953   0.03344  0.008209   0.00277
   110/199     2.46G   0.04067   0.01421  0.003103   0.05798        11       640    0.6062         1    0.9942    0.6032   0.03167  0.008094  0.002704
   111/199     2.46G   0.04489   0.01338  0.003113   0.06139        10       640    0.5823         1    0.9934    0.6087   0.03569  0.008051  0.002626
   112/199     2.46G   0.04369   0.01299  0.002906   0.05958        11       640     0.642         1    0.9924    0.5262   0.03806   0.00754  0.002229
   113/199     2.46G   0.05212   0.01469  0.002611   0.06942        17       640    0.4038         1    0.6516    0.1541   0.05963  0.007246  0.002022
   114/199     2.46G   0.06272   0.01134  0.002469   0.07653        16       640     0.406         1    0.9424    0.4786   0.05169   0.00709  0.002037
   115/199     2.46G   0.05854   0.01234  0.002738   0.07362        16       640    0.4111         1    0.9369    0.4963   0.04254  0.007381  0.002097
   116/199     2.46G   0.04913   0.01276  0.002721   0.06461        12       640    0.6246         1    0.9752     0.643   0.04066  0.007381  0.002043
   117/199     2.46G   0.04109   0.01311  0.002366   0.05656        11       640     0.701         1    0.9662    0.6698   0.03814   0.00715   0.00194
   118/199     2.46G   0.04487   0.01309  0.002471   0.06043        11       640    0.7296         1    0.9571    0.6542    0.0373  0.006941  0.001812
   119/199     2.46G   0.04338   0.01242  0.002254   0.05805        19       640    0.7761         1    0.9857    0.6924   0.03724  0.006741  0.001701
   120/199     2.46G   0.04521   0.01056  0.002159   0.05793        11       640    0.5959         1    0.9524    0.6105   0.04333  0.006506  0.001516
   121/199     2.46G   0.04807   0.01198   0.00184   0.06189        16       640    0.4411         1    0.8318    0.5235   0.04528  0.006791  0.001512
   122/199     2.46G   0.05477   0.01329  0.002416   0.07047        11       640    0.6614         1    0.9928    0.4799   0.04645  0.006672  0.001467
   123/199     2.46G   0.05134   0.01239  0.002303   0.06603        15       640    0.7326         1    0.9926    0.6913   0.03854  0.006707  0.001517
   124/199     2.46G   0.04628   0.01245  0.002215   0.06094        11       640    0.5986         1    0.9921    0.6525   0.03885  0.006593  0.001495
   125/199     2.46G   0.04528   0.01267  0.002091   0.06004        11       640    0.7475         1     0.993    0.7332   0.03867  0.006805  0.001488
   126/199     2.46G   0.03964    0.0118  0.001874   0.05332        16       640    0.8035         1    0.9926    0.7057   0.03616  0.006885  0.001445
   127/199     2.46G   0.03924   0.01207  0.001803   0.05311        13       640    0.7949         1    0.9951    0.6777   0.03567  0.006951   0.00139
   128/199     2.46G    0.0424   0.01155  0.001731   0.05568        14       640    0.6042         1    0.9837    0.5467   0.04426  0.007072  0.001305
   129/199     2.46G   0.05635   0.01237  0.001813   0.07054        14       640    0.5569    0.9306    0.8495    0.2176   0.06454  0.007399   0.00134
   130/199     2.46G   0.06444   0.01061  0.002096   0.07714        12       640    0.4775         1    0.7461       0.4     0.056  0.006802  0.001519
   131/199     2.46G   0.05561   0.01116  0.002162   0.06893        11       640    0.4731         1    0.7553     0.371     0.043  0.007049  0.001707
   132/199     2.46G   0.04781    0.0129  0.002232   0.06294        15       640    0.7162         1    0.9504    0.5743   0.03912  0.007109  0.001801
   133/199     2.46G   0.04072   0.01205  0.002179   0.05495         7       640    0.7849         1    0.9677    0.6548   0.03704  0.006996  0.001815
   134/199     2.46G   0.04058   0.01265  0.002117   0.05535        15       640    0.8033         1    0.9713    0.6585   0.03686   0.00681  0.001797
   135/199     2.46G    0.0417   0.01143  0.002268    0.0554        12       640    0.7732         1      0.97    0.6978    0.0359  0.006714  0.001799
   136/199     2.46G   0.04043    0.0125  0.002034   0.05496        12       640    0.7665         1    0.9597     0.681   0.03737  0.006586  0.001732
   137/199     2.46G   0.04842   0.01276  0.002203   0.06338        14       640    0.6256         1    0.9617    0.5666   0.04124  0.006429   0.00166
   138/199     2.46G   0.04915   0.01168  0.001889   0.06272        14       640    0.7564         1    0.9422    0.6374   0.03785  0.006337   0.00168
   139/199     2.46G   0.04516   0.01123  0.001897   0.05828        12       640    0.7563         1    0.9807    0.6445   0.03651  0.006185  0.001648
   140/199     2.46G   0.04238   0.01069  0.001903   0.05497        10       640    0.8271         1    0.9709    0.7215   0.03353  0.006129  0.001667
   141/199     2.46G   0.04133    0.0112   0.00203   0.05456        11       640     0.817         1    0.9731     0.729    0.0337  0.005992  0.001648
   142/199     2.46G    0.0399   0.01107  0.001925    0.0529        14       640    0.8181         1    0.9789    0.7404   0.03266  0.005944  0.001629
   143/199     2.46G   0.03928   0.01147  0.002074   0.05282        13       640    0.8302         1    0.9817    0.7088   0.03361  0.005911  0.001601
   144/199     2.46G    0.0394   0.01098  0.001831   0.05221        12       640    0.7791         1    0.9886     0.642   0.03867  0.006004  0.001494
   145/199     2.46G   0.04436   0.01064  0.001664   0.05666        18       640    0.6924         1     0.971    0.6201   0.04413  0.006034  0.001486
   146/199     2.46G   0.05137   0.01082    0.0019   0.06409        12       640    0.7798         1    0.9874    0.6268   0.03438  0.005878  0.001485
   147/199     2.46G   0.04423   0.01068  0.001823   0.05673        13       640    0.8099         1    0.9844    0.7488   0.03657  0.005852  0.001507
   148/199     2.46G   0.03978   0.01124  0.001768   0.05278        14       640     0.844         1    0.9846    0.7286   0.03394  0.005796  0.001508
   149/199     2.46G   0.03952  0.009873  0.001763   0.05116        13       640    0.8616         1    0.9833    0.7474   0.03348  0.005822  0.001507
   150/199     2.46G   0.03827  0.009302  0.001784   0.04935        14       640    0.8231         1    0.9826    0.7269   0.03314  0.005825  0.001492
   151/199     2.46G   0.03903   0.01141  0.001828   0.05226        13       640    0.8266         1    0.9819    0.7171   0.03334  0.005799  0.001463
   152/199     2.46G   0.03607  0.009731  0.001647   0.04744         9       640    0.8382         1     0.981     0.719   0.03324  0.005547  0.001369
   153/199     2.46G   0.04004  0.009832  0.001709   0.05158        13       640    0.8002         1    0.9805    0.6386   0.04168  0.005884  0.001335
   154/199     2.46G    0.0452   0.01011  0.001524   0.05683        16       640    0.7809         1    0.9815    0.6676   0.03549  0.005623  0.001319
   155/199     2.46G   0.04538   0.01192  0.001654   0.05895        16       640    0.8546         1    0.9813    0.7174   0.03434  0.005658  0.001351
   156/199     2.46G   0.04174   0.01091  0.001596   0.05425        12       640    0.8641         1    0.9838    0.7421   0.03258   0.00552  0.001332
   157/199     2.46G   0.03857  0.009446  0.001574   0.04959        18       640    0.8679         1    0.9859    0.7625   0.03104  0.005454  0.001319
   158/199     2.46G   0.03979  0.009908  0.001554   0.05125        14       640    0.8369         1    0.9865    0.7603   0.03165  0.005509  0.001302
   159/199     2.46G   0.03521    0.0118  0.001577   0.04859        13       640    0.8269         1    0.9873    0.7954   0.03084  0.005493  0.001287
   160/199     2.46G   0.03463   0.01154  0.001485   0.04765        15       640    0.8561         1    0.9911    0.7474   0.03403  0.005683  0.001235
   161/199     2.46G    0.0407  0.009948  0.001392   0.05204        18       640    0.8159         1    0.9926    0.5716   0.04237  0.006007  0.001228
   162/199     2.46G   0.05083   0.01126  0.001505   0.06359        13       640    0.8736         1    0.9925    0.7975     0.031  0.005438  0.001236
   163/199     2.46G   0.03804   0.01087  0.001569   0.05048        17       640    0.8642         1    0.9928    0.8238   0.03086   0.00523   0.00123
   164/199     2.46G    0.0396  0.009981  0.001425   0.05101        10       640     0.879         1    0.9931    0.8039   0.03212  0.005165   0.00122
   165/199     2.46G   0.03664  0.009476  0.001471   0.04758        12       640     0.871         1    0.9936    0.8268     0.031  0.005035  0.001213
   166/199     2.46G   0.03293  0.009055  0.001387   0.04337        12       640    0.8733         1    0.9941    0.8281   0.03045  0.005015  0.001201
   167/199     2.46G   0.03656   0.01013  0.001408    0.0481        13       640    0.8757         1    0.9941    0.8335   0.03051  0.004991  0.001187
   168/199     2.46G   0.03615  0.009412    0.0014   0.04696        11       640    0.8677         1    0.9942    0.8098   0.03095  0.005029  0.001141
   169/199     2.46G    0.0378  0.009426  0.001384   0.04861        10       640    0.7142         1    0.9804    0.7275   0.03784  0.005222  0.001107
   170/199     2.46G   0.04704   0.01076  0.001505    0.0593        19       640     0.889         1    0.9941    0.7833   0.03194  0.004941  0.001107
   171/199     2.46G   0.03927   0.01073  0.001306    0.0513        12       640    0.8685         1    0.9941     0.831   0.03035  0.004784  0.001111
   172/199     2.46G   0.03672  0.009226  0.001328   0.04728        15       640    0.8562         1    0.9942    0.8323   0.03015  0.004807  0.001099
   173/199     2.46G   0.03625   0.01012  0.001406   0.04778        15       640    0.8494         1    0.9941    0.8488   0.02914  0.004719   0.00109
   174/199     2.46G   0.03652  0.009635  0.001235   0.04739        12       640    0.8478         1    0.9938    0.7707   0.03072  0.004865   0.00108
   175/199     2.46G   0.03806  0.009373  0.001316   0.04875        11       640    0.8735         1    0.9937    0.7142   0.03245  0.004987  0.001066
   176/199     2.46G   0.03647    0.0105  0.001275   0.04825        15       640    0.8215         1    0.9937    0.6858   0.03598  0.005208  0.001055
   177/199     2.46G   0.04501   0.01031  0.001251   0.05657        17       640     0.875         1    0.9913    0.7423   0.03345  0.004947  0.001057
   178/199     2.46G   0.04599   0.00945  0.001278   0.05672         7       640    0.8466         1    0.9913    0.7361   0.03449  0.005061  0.001085
   179/199     2.46G   0.04179  0.009939  0.001436   0.05316         9       640    0.8718         1    0.9899    0.7919   0.03068  0.004872  0.001098
   180/199     2.46G   0.03574  0.009828  0.001297   0.04686        15       640    0.8679         1    0.9899    0.8071   0.02923  0.004845  0.001106
   181/199     2.46G   0.03557    0.0102  0.001357   0.04713        13       640     0.869         1    0.9904    0.8493   0.02833  0.004762  0.001101
   182/199     2.46G   0.03498  0.009114  0.001263   0.04536        10       640    0.8691         1    0.9908    0.8369   0.02867  0.004737  0.001096
   183/199     2.46G   0.03359  0.009715  0.001312   0.04462        15       640    0.8702         1    0.9912    0.8436   0.02838  0.004686  0.001092
   184/199     2.46G   0.03475   0.01016  0.001318   0.04623        13       640    0.8787         1    0.9915    0.8285   0.02864  0.004684  0.001066
   185/199     2.46G   0.03465   0.01009  0.001315   0.04606        13       640    0.8816         1    0.9918    0.8123   0.02944  0.004648  0.001028
   186/199     2.46G    0.0372  0.009508  0.001254   0.04796        14       640    0.8579         1    0.9908    0.8243   0.02953   0.00458  0.001014
   187/199     2.46G   0.03362   0.00968  0.001131   0.04443        17       640     0.856         1    0.9915    0.8378    0.0288  0.004532 0.0009945
   188/199     2.46G   0.03859  0.009479  0.001307   0.04937        11       640    0.8544         1    0.9923     0.845   0.02814  0.004475 0.0009864
   189/199     2.46G    0.0374  0.009525  0.001259   0.04819        11       640     0.856         1    0.9928    0.8361   0.02845  0.004486 0.0009776
   190/199     2.46G   0.03427  0.008476  0.001096   0.04384        12       640    0.8546         1    0.9928    0.8251   0.02874  0.004545 0.0009673
   191/199     2.46G   0.03383  0.009635  0.001102   0.04457        14       640    0.8536         1    0.9928    0.8187   0.02883  0.004596 0.0009568
   192/199     2.46G   0.03438  0.009656  0.001082   0.04512        15       640    0.8693         1    0.9936    0.8395   0.02827   0.00455 0.0009232
   193/199     2.46G   0.03599   0.01008  0.001095   0.04717        16       640    0.8432         1    0.9937    0.8105   0.03224  0.004724 0.0009146
   194/199     2.46G   0.03951   0.01081  0.001078   0.05139        16       640    0.8563         1    0.9936    0.8231   0.03053  0.004656  0.000913
   195/199     2.46G   0.03727  0.009457  0.001103   0.04783        13       640    0.8693         1    0.9934    0.8318   0.02897  0.004582 0.0009213
   196/199     2.46G   0.03574  0.009079  0.001076    0.0459        13       640    0.8639         1    0.9935    0.8474   0.02843  0.004578 0.0009147
   197/199     2.46G   0.03663  0.009632   0.00116   0.04742        10       640     0.868         1    0.9932    0.8664   0.02758  0.004529  0.000913
   198/199     2.46G   0.03335  0.008631   0.00111   0.04309        10       640    0.8689         1    0.9931    0.8564   0.02771  0.004557 0.0009151
   199/199     2.46G   0.03427  0.008081  0.001111   0.04347         9       640     0.865         1    0.9932    0.8507   0.02762  0.004559 0.0009128
