     0/199     2.45G   0.09446   0.02746   0.04802    0.1699        16       640         0         0   0.01354  0.002758   0.06792   0.02229   0.03872
     1/199     2.46G    0.1012   0.02792   0.05183     0.181        14       640         0         0   0.01648  0.003456   0.06305   0.02194   0.03695
     2/199     2.46G   0.08376   0.02746   0.04158    0.1528        18       640         0         0    0.0137  0.003304   0.05659   0.02165   0.03438
     3/199     2.46G   0.07924   0.02746   0.03994    0.1466        12       640         0         0   0.01871  0.003525   0.05188   0.02126   0.03152
     4/199     2.46G   0.08482   0.02869   0.04405    0.1576        18       640         0         0    0.0251  0.004778   0.04752   0.02101   0.02877
     5/199     2.46G   0.06551   0.02735   0.03162    0.1245        16       640         0         0    0.0495  0.009547   0.04359   0.02088   0.02566
     6/199     2.46G   0.06351   0.02853   0.03252    0.1246        20       640         0         0   0.05786   0.01082   0.04084   0.02054   0.02261
     7/199     2.46G   0.05998   0.02886   0.02869    0.1175        19       640         0         0   0.08201   0.01645   0.03766   0.02039   0.01998
     8/199     2.46G   0.05601   0.03009   0.02669    0.1128        17       640         0         0    0.1156    0.0252   0.03594   0.01999   0.01781
     9/199     2.46G   0.06989   0.03036   0.03155    0.1318        17       640    0.1366   0.01408    0.1283   0.02835    0.0343   0.01959   0.01563
    10/199     2.46G   0.06228   0.02784   0.02623    0.1164        11       640   0.08976   0.01408    0.1921    0.0401   0.03267   0.01904   0.01313
    11/199     2.46G   0.05769   0.02585   0.02314    0.1067        14       640    0.3255   0.06812    0.2657   0.05499   0.03177   0.01883   0.01092
    12/199     2.46G   0.05146   0.02747   0.01835   0.09729        17       640     0.375    0.3042    0.3064   0.07167    0.0298   0.01824    0.0089
    13/199     2.46G   0.05673   0.02566   0.01922    0.1016        18       640    0.3761    0.6113    0.4242   0.09995   0.02889   0.01776   0.00751
    14/199     2.46G   0.04229   0.02327   0.01241   0.07798        11       640    0.2462    0.7606    0.4722    0.1572   0.02868   0.01722  0.006194
    15/199     2.46G   0.04189   0.02499   0.01118   0.07806        16       640    0.2379    0.9437     0.564    0.1845   0.02842    0.0168  0.005181
    16/199     2.46G   0.04627    0.0251    0.0112   0.08257        19       640    0.1714    0.9577    0.5473    0.1545   0.02534   0.01658  0.004329
    17/199     2.46G   0.04232   0.02543  0.009579   0.07732        17       640    0.1822    0.9718    0.6334    0.2209   0.02392   0.01608  0.003884
    18/199     2.46G   0.04419   0.02365  0.009047   0.07688        16       640    0.1527    0.9859    0.5946    0.1908   0.02643   0.01558   0.00349
    19/199     2.46G   0.03904   0.02362  0.006787   0.06945        16       640    0.1485    0.9718    0.5308    0.1901   0.02787   0.01519  0.003169
    20/199     2.46G   0.04326   0.02606   0.00886   0.07819        20       640    0.2036    0.9718    0.6571    0.2698   0.02447   0.01491  0.002925
    21/199     2.46G   0.03881   0.02169  0.006412   0.06692        14       640    0.2464    0.9577    0.7159    0.2691   0.02448   0.01417  0.002743
    22/199     2.46G   0.04105   0.02276   0.00564   0.06945        15       640     0.229    0.9437    0.7078    0.2832   0.02481   0.01371  0.002497
    23/199     2.46G   0.04103   0.02113  0.006282   0.06845        14       640    0.2457    0.9296    0.6127     0.239   0.02793   0.01316  0.002345
    24/199     2.46G   0.04181   0.02172  0.004833   0.06836        17       640    0.3733    0.8732    0.7376    0.2226   0.02819   0.01257  0.002308
    25/199     2.46G   0.04529   0.02119  0.005199   0.07168        12       640    0.1981     0.821    0.4095    0.1063   0.02999   0.01195  0.002274
    26/199     2.46G   0.05069   0.02152  0.005834   0.07804        16       640    0.3384    0.9296    0.6019    0.2545   0.02793   0.01208  0.002312
    27/199     2.46G    0.0454   0.02162  0.005019   0.07204        14       640    0.3359    0.9014     0.636    0.3056   0.03361   0.01123  0.002269
    28/199     2.46G   0.04391   0.02214  0.003904   0.06995        14       640    0.3254    0.9718    0.7328    0.3647   0.03836   0.01142  0.002149
    29/199     2.46G   0.04075   0.01828  0.003107   0.06214        11       640    0.3634    0.9296    0.7272    0.2747   0.02575   0.01154  0.002069
    30/199     2.46G   0.04889      0.02  0.005278   0.07416        17       640    0.3182    0.9155    0.6521    0.2812   0.03365   0.01041   0.00198
    31/199     2.46G   0.05267    0.0195  0.003678   0.07585        19       640    0.3995    0.9155     0.729    0.3256   0.02974   0.01074  0.001956
    32/199     2.46G   0.04346   0.02059  0.003443   0.06749        16       640    0.3939    0.9437    0.7217    0.3298   0.02445    0.0112  0.001949
    33/199     2.46G   0.04315   0.02065   0.00312   0.06692        18       640    0.4013    0.9437    0.7448    0.3768   0.02968   0.01077   0.00191
    34/199     2.46G   0.04452   0.02029  0.003554   0.06837        13       640    0.3244    0.9859    0.6836    0.3158   0.03221   0.01026  0.001911
    35/199     2.46G   0.05256   0.01984  0.004096    0.0765        16       640    0.3603    0.9859    0.6799    0.3199   0.02642   0.01043  0.001983
    36/199     2.46G   0.03906   0.01935  0.002944   0.06135        15       640    0.3774    0.9859    0.7847    0.3561   0.03066   0.01027  0.001865
    37/199     2.46G   0.03792   0.01841  0.002978   0.05931        10       640    0.3258    0.9718    0.7627     0.403   0.02853  0.009728  0.001705
    38/199     2.46G   0.04472   0.01934   0.00333   0.06739        12       640    0.5971    0.9577    0.8865    0.4608   0.02003   0.01058  0.001633
    39/199     2.46G   0.03912   0.01766  0.002887   0.05967        15       640    0.3554    0.9577    0.7145    0.3796   0.03192    0.0096  0.001542
    40/199     2.46G   0.04911   0.01768   0.00273   0.06952        21       640    0.2626    0.9577    0.6868    0.3336   0.03876  0.008946  0.001593
    41/199     2.46G   0.04897   0.01759  0.002579   0.06914        20       640    0.2722    0.9296    0.5203    0.1775   0.03629  0.008839  0.001804
    42/199     2.46G   0.04725   0.01712  0.002771   0.06714        12       640    0.3456    0.9014    0.5656    0.2307   0.02972  0.009407  0.002043
    43/199     2.46G   0.04195   0.01802  0.002939    0.0629         9       640    0.3244    0.9296    0.6883     0.299   0.03764  0.008815  0.001948
    44/199     2.46G   0.04321   0.01719  0.003274   0.06367        13       640    0.2076    0.9577    0.6828    0.2797   0.03617  0.008321  0.001869
    45/199     2.46G   0.04722   0.01796  0.003147   0.06833        11       640    0.4373    0.9522    0.7868    0.2947   0.02956  0.008518  0.001824
    46/199     2.46G   0.04516    0.0164  0.003259   0.06482        12       640    0.2575    0.9859     0.764    0.3093   0.03177  0.008187   0.00176
    47/199     2.46G   0.04293   0.01562  0.003228   0.06178        17       640    0.4345    0.9859    0.7024    0.2833   0.03164   0.00869  0.001744
    48/199     2.46G   0.04619   0.01702  0.002763   0.06597        13       640    0.5104         1    0.9138    0.4637   0.02808  0.008728  0.001808
    49/199     2.46G   0.04191   0.01569  0.002654   0.06025        16       640    0.3946         1     0.914    0.5023   0.03246  0.008277  0.001773
    50/199     2.46G   0.03941   0.01744  0.002748   0.05959        14       640    0.4098    0.9859    0.9228    0.5199   0.02425  0.008321  0.001654
    51/199     2.46G   0.03874   0.01796  0.002687   0.05938        15       640    0.3627    0.9859    0.8133    0.3916   0.02509  0.008133  0.001419
    52/199     2.46G   0.03749   0.01605  0.002116   0.05565        19       640    0.4467         1    0.8366    0.5484   0.02185  0.008167  0.001367
    53/199     2.46G   0.04215   0.01459  0.002261     0.059        12       640    0.4277         1    0.7745    0.4526   0.02382  0.007937  0.001467
    54/199     2.46G   0.03987   0.01572  0.002577   0.05817        15       640    0.4698         1    0.7328    0.3105    0.0269  0.007875  0.001587
    55/199     2.46G   0.03868   0.01611  0.002223     0.057        18       640    0.3395         1    0.6383    0.2751   0.02675  0.007507  0.001556
    56/199     2.46G   0.04085   0.01646  0.002171   0.05948        18       640    0.2555         1    0.6508    0.2548   0.04603  0.007037  0.001519
    57/199     2.46G   0.05069   0.01596  0.002543    0.0692        14       640    0.2647    0.9718    0.6601     0.236   0.04268  0.006843  0.001707
    58/199     2.46G   0.04459   0.01246  0.002376   0.05942        10       640    0.4161         1    0.8867    0.4179   0.03371  0.007533  0.002014
    59/199     2.46G   0.04622   0.01585  0.003116   0.06518        16       640    0.4844         1    0.9552    0.4276   0.02774  0.007805   0.00211
    60/199     2.46G   0.04309   0.01583  0.003018   0.06194        18       640    0.4909         1    0.9753    0.4363    0.0301  0.007576  0.002024
    61/199     2.46G   0.03922   0.01369  0.002735   0.05565        10       640    0.4215         1    0.9514    0.5169   0.02405  0.007292  0.001737
    62/199     2.46G   0.03522   0.01545  0.002389   0.05305        12       640    0.3053         1     0.892    0.3331    0.0312  0.007162  0.001427
    63/199     2.46G   0.04812   0.01479  0.002521   0.06542        16       640    0.4237         1    0.9083    0.4767   0.03091  0.006734  0.001429
    64/199     2.46G    0.0484   0.01447  0.002352   0.06521        15       640    0.3807    0.9859    0.7142    0.2321   0.03133  0.006732  0.001466
    65/199     2.46G   0.04385   0.01413  0.002218   0.06019        16       640    0.5373         1    0.9265    0.3336   0.02604  0.006932  0.001611
    66/199     2.46G   0.04142   0.01452   0.00249   0.05843        18       640     0.402         1    0.8737    0.3234   0.02905  0.006918  0.001818
    67/199     2.46G   0.04106   0.01552   0.00294   0.05952        17       640    0.5007         1     0.978    0.6038   0.03067  0.006907  0.001819
    68/199     2.46G   0.03522   0.01538  0.002569   0.05317        15       640    0.6136         1    0.9886    0.5392   0.02355  0.006783  0.001779
    69/199     2.46G   0.04934   0.01392  0.002532   0.06579        15       640    0.4177    0.9718    0.7958    0.3275   0.03862  0.006116  0.001746
    70/199     2.46G   0.06481   0.01349  0.002762   0.08106        15       640     0.411         1    0.8077    0.4717   0.04004  0.006147  0.001941
    71/199     2.46G   0.04403   0.01296  0.003069   0.06006        11       640    0.4281         1    0.8253    0.5205   0.03744  0.006388  0.002071
    72/199     2.46G   0.05536   0.01427  0.003333   0.07296        18       640    0.3551    0.9859    0.7909     0.381   0.04247  0.006012  0.002224
    73/199     2.46G   0.06076   0.01548  0.003457   0.07969        15       640     0.311    0.9859    0.8072     0.495   0.04232  0.006004  0.002257
    74/199     2.46G    0.0507   0.01246  0.003003   0.06616        15       640    0.2811    0.9859    0.8273    0.4748   0.04316   0.00588  0.002128
    75/199     2.46G   0.05011   0.01277  0.002594   0.06547        15       640    0.3562         1    0.9047    0.5173   0.03687  0.006452  0.002161
    76/199     2.46G   0.04818   0.01479  0.003161   0.06614        16       640    0.4337    0.9859    0.8393    0.4604   0.03148  0.006972  0.002019
    77/199     2.46G   0.04434   0.01424  0.002613    0.0612        15       640    0.6415    0.9859    0.9811    0.6047   0.02634  0.006824  0.001928
    78/199     2.46G   0.03959   0.01598  0.002758   0.05833        11       640    0.4909         1    0.9533    0.4417   0.03133  0.006318   0.00161
    79/199     2.46G   0.04182   0.01483  0.002424   0.05907        16       640    0.5775         1    0.9764    0.5868   0.01958  0.006436   0.00152
    80/199     2.46G   0.03113   0.01401  0.002222   0.04737        18       640    0.4194         1    0.9023     0.495   0.02581  0.006137  0.001424
    81/199     2.46G   0.04239   0.01378  0.002053   0.05822        12       640    0.4105         1    0.8872    0.5596   0.02447  0.006097   0.00145
    82/199     2.46G   0.03247   0.01281  0.001974   0.04725        13       640    0.5298         1    0.9115    0.5525   0.02308  0.006367  0.001455
    83/199     2.46G   0.03549   0.01393  0.002836   0.05226        14       640    0.7269    0.9859    0.9624    0.5547   0.02117   0.00674  0.001618
    84/199     2.46G   0.03301   0.01232  0.002125   0.04746        13       640    0.6052         1    0.9078    0.4668   0.03013  0.006288  0.001547
    85/199     2.46G   0.04608   0.01359   0.00289   0.06257        15       640    0.5821         1    0.9019    0.4766   0.03055  0.006209  0.001565
    86/199     2.46G    0.0498   0.01393  0.003417   0.06715        14       640    0.4781         1    0.8876    0.4838   0.02392  0.006102  0.001577
    87/199     2.46G    0.0441     0.014  0.002343   0.06044        17       640     0.306         1    0.5747    0.2801   0.03488  0.005953  0.001631
    88/199     2.46G   0.04345   0.01181   0.00209   0.05734        10       640    0.5072         1    0.8031     0.416   0.02615  0.006301   0.00198
    89/199     2.46G   0.03552   0.01434  0.002631   0.05249        14       640    0.6513         1    0.9772    0.6686   0.02223  0.006478   0.00218
    90/199     2.46G   0.03765   0.01478  0.002877    0.0553        16       640     0.601         1    0.9727     0.666   0.02331  0.006347  0.002239
    91/199     2.46G   0.04539   0.01455  0.002796   0.06273        11       640    0.4483         1    0.8537     0.584   0.02665  0.006065  0.002189
    92/199     2.46G   0.03895   0.01346  0.002405   0.05482        18       640    0.7382         1    0.9909    0.6645   0.02015  0.006157  0.002107
    93/199     2.46G    0.0411   0.01352  0.002422   0.05704        16       640    0.7456         1    0.9811    0.7089   0.01841  0.006181  0.001975
    94/199     2.46G    0.0346    0.0138  0.002283   0.05069        12       640    0.4406         1    0.8048    0.6051   0.02957  0.005461  0.001665
    95/199     2.46G   0.04409    0.0114  0.001965   0.05745         9       640    0.6004         1    0.9501    0.5544    0.0262  0.005502  0.001689
    96/199     2.46G   0.03822   0.01342  0.001956    0.0536        19       640    0.4644         1    0.8444    0.5285   0.02799  0.005338  0.001687
    97/199     2.46G   0.04129   0.01422  0.002204   0.05771        18       640    0.4581         1    0.7959    0.6189   0.02141  0.005412  0.001719
    98/199     2.46G   0.03845   0.01246    0.0021   0.05301        18       640    0.4836         1    0.8787     0.576   0.02189  0.005717   0.00176
    99/199     2.46G   0.03562   0.01314  0.002001   0.05077        17       640    0.6743         1    0.9911    0.5712   0.02418  0.005469  0.001679
   100/199     2.46G   0.03644   0.01284  0.002031   0.05131        13       640    0.6772         1    0.9649    0.6472   0.01774  0.005509  0.001747
   101/199     2.46G   0.02616   0.01276  0.001925   0.04085        17       640    0.4381         1    0.9423    0.6144   0.02657  0.005355  0.001629
   102/199     2.46G   0.03722   0.01316  0.002041   0.05242        12       640    0.4761         1    0.9761    0.5145   0.02396  0.005768  0.001785
   103/199     2.46G   0.04389   0.01185  0.002171   0.05791        16       640    0.4761         1    0.9761    0.5145   0.02396  0.005768  0.001785
   104/199     2.46G   0.04165   0.01308  0.002237   0.05697        15       640     0.719         1    0.9847    0.5851   0.01876  0.005932  0.001973
   105/199     2.46G   0.02746   0.01238  0.002221   0.04206        15       640    0.5937         1    0.9812    0.6742   0.02222  0.005264  0.001939
   106/199     2.46G   0.04063   0.01311  0.002455    0.0562        16       640    0.8613         1    0.9952    0.6878   0.01961   0.00519  0.001862
   107/199     2.46G   0.03334   0.01278  0.002337   0.04846        16       640     0.681         1    0.9952    0.7576   0.01829  0.005174   0.00178
   108/199     2.46G   0.04154   0.01392  0.002375   0.05783        21       640    0.8927         1    0.9952    0.7573   0.01403  0.005294  0.001698
   109/199     2.46G   0.03628   0.01508  0.002389   0.05375        20       640    0.7992         1    0.9952    0.7956   0.01592  0.005185  0.001603
   110/199     2.46G   0.02883   0.01201  0.002527   0.04336        14       640    0.8595         1    0.9952    0.7942   0.01477  0.005053  0.001487
   111/199     2.46G   0.02978   0.01183  0.001861   0.04347        13       640    0.8969         1    0.9952    0.7616   0.01238  0.004915   0.00139
   112/199     2.46G   0.02276   0.01098  0.001701   0.03544        14       640    0.8162         1    0.9753    0.7052   0.02016  0.004953  0.001214
   113/199     2.46G   0.04149   0.01392  0.002273   0.05768        19       640    0.4375         1    0.8146    0.2817   0.03346  0.005126   0.00126
   114/199     2.46G   0.05047   0.01162  0.001848   0.06395        20       640    0.5584         1    0.7943    0.4197   0.03014   0.00523  0.001555
   115/199     2.46G   0.04308   0.01374  0.002309   0.05913        19       640    0.7983    0.9859    0.9445    0.6984   0.02048  0.005617  0.001746
   116/199     2.46G   0.02681   0.01171  0.002038   0.04056        12       640       0.6         1    0.9398    0.6227   0.01808  0.005236  0.001753
   117/199     2.46G   0.02588   0.01132  0.002006   0.03921        13       640     0.541         1    0.9499    0.7145   0.01792  0.005025  0.001753
   118/199     2.46G   0.02914   0.01204  0.002009   0.04319        16       640    0.4856         1    0.9651    0.7235   0.01983  0.005101  0.001738
   119/199     2.46G   0.02887   0.01225  0.002155   0.04328        19       640    0.5121         1    0.9903    0.7738   0.01756  0.005227  0.001735
   120/199     2.46G   0.03219   0.01189  0.002036   0.04611        14       640    0.7456         1    0.9821    0.6207   0.01765  0.005318  0.001676
   121/199     2.46G   0.03207   0.01288  0.001877   0.04683        17       640    0.6595         1    0.9533    0.5555   0.02929  0.005054  0.001609
   122/199     2.46G   0.04179   0.01199  0.001809   0.05559        13       640    0.8487         1    0.9915    0.7216   0.01661  0.005153  0.001766
   123/199     2.46G   0.03483   0.01174  0.002227   0.04879        12       640    0.8867         1    0.9937     0.756   0.01329  0.005315  0.001793
   124/199     2.46G   0.02778   0.01215  0.001993   0.04192        13       640    0.9495         1    0.9953    0.7624   0.01359  0.005033  0.001705
   125/199     2.46G   0.02369   0.01145  0.001912   0.03706        11       640     0.949         1    0.9953     0.791   0.01276   0.00487  0.001612
   126/199     2.46G   0.02871   0.01245  0.001903   0.04306        19       640      0.94         1    0.9953    0.7794   0.01245  0.004775  0.001522
   127/199     2.46G   0.02048    0.0119  0.001674   0.03405        17       640    0.9295         1    0.9953    0.7962   0.01125  0.004683   0.00142
   128/199     2.46G   0.02561   0.01106  0.002466   0.03914        16       640    0.4744         1     0.861     0.511   0.03167  0.005468  0.001261
   129/199     2.46G   0.03809   0.01263  0.001671   0.05239        15       640    0.7216         1    0.9758    0.5552   0.01698   0.00499  0.001359
   130/199     2.46G    0.0309   0.01076  0.002184   0.04384        11       640    0.8711         1    0.9946    0.6927   0.01636  0.004762  0.001402
   131/199     2.46G   0.03406   0.01103  0.002388   0.04747        11       640    0.8748         1    0.9952    0.7364   0.01575  0.004695  0.001457
   132/199     2.46G   0.02313   0.01239  0.001835   0.03735        19       640    0.9121         1    0.9952    0.7934   0.01232  0.004736  0.001492
   133/199     2.46G   0.02034   0.01131  0.002007   0.03366         9       640    0.9046         1    0.9952    0.8223   0.01235  0.004744  0.001467
   134/199     2.46G   0.02146   0.01177  0.001695   0.03492        17       640    0.8718         1    0.9952    0.8249    0.0111  0.004703   0.00142
   135/199     2.46G   0.03032   0.01029  0.002059   0.04266        13       640    0.8721         1    0.9952    0.7775   0.01205   0.00472  0.001371
   136/199     2.46G   0.01891   0.01222  0.001682   0.03281        16       640    0.7409         1    0.9941    0.7977   0.01491  0.004678  0.001272
   137/199     2.46G   0.02836   0.01222  0.001637   0.04221        16       640    0.7603         1    0.9947    0.4764   0.01862  0.004803  0.001217
   138/199     2.46G   0.02821   0.01127  0.001583   0.04106        14       640    0.6977         1    0.9918    0.6471   0.01408  0.004581  0.001253
   139/199     2.46G   0.02797   0.01228  0.001775   0.04202        12       640    0.8287         1    0.9952    0.8336   0.01315  0.004505  0.001254
   140/199     2.46G   0.02777   0.01164  0.001802   0.04122        15       640    0.8504         1    0.9952    0.8022   0.01308   0.00443  0.001256
   141/199     2.46G    0.0246   0.01219  0.001791   0.03858        13       640    0.8739         1    0.9952    0.8539   0.01008   0.00437  0.001248
   142/199     2.46G   0.01971   0.01157   0.00152    0.0328        15       640    0.8614         1    0.9952    0.8443   0.01187  0.004374  0.001236
   143/199     2.46G   0.01893   0.01065  0.001535   0.03112        11       640    0.8537         1    0.9952    0.8246   0.01127   0.00434  0.001211
   144/199     2.46G    0.0215   0.01053  0.001585   0.03361        13       640    0.8561         1    0.9952    0.8263   0.01186  0.004333  0.001122
   145/199     2.46G   0.02246  0.009754  0.001313   0.03353        19       640    0.6555         1    0.9487     0.714   0.02171  0.004452  0.001068
   146/199     2.46G   0.03761   0.01169  0.001628   0.05093        14       640       0.9         1    0.9952    0.8203   0.01793  0.004267   0.00107
   147/199     2.46G   0.03341   0.01166  0.001907   0.04697        17       640    0.8812         1    0.9952    0.8382   0.01291  0.004214  0.001079
   148/199     2.46G   0.02576   0.01039  0.001382   0.03753        12       640    0.9004         1    0.9951    0.8149   0.01115  0.004153  0.001059
   149/199     2.46G    0.0208   0.01078   0.00139   0.03298        16       640    0.8948         1    0.9949    0.8501    0.0114  0.004209  0.001056
   150/199     2.46G   0.02172   0.01026  0.001438   0.03342        16       640    0.9015         1     0.995    0.8331   0.01049  0.004194  0.001045
   151/199     2.46G   0.02702   0.01169  0.002448   0.04115        16       640    0.9014         1     0.995    0.8452   0.01023  0.004102  0.001017
   152/199     2.46G   0.01777  0.009976  0.001422   0.02917        11       640    0.9222         1    0.9951    0.8041   0.01377  0.004013 0.0009507
   153/199     2.46G   0.02299   0.01062  0.001461   0.03507        17       640    0.9106         1    0.9951      0.79   0.01747  0.004255 0.0009321
   154/199     2.46G   0.03281   0.01014    0.0014   0.04436        19       640    0.9025         1    0.9951    0.8004   0.01601  0.003951 0.0009498
   155/199     2.46G   0.02714   0.01258  0.001592   0.04131        18       640    0.9153         1    0.9951    0.8128   0.01446   0.00382 0.0009581
   156/199     2.46G   0.02166   0.01105  0.001348   0.03405        14       640    0.9125         1     0.995    0.8424   0.01223  0.003729 0.0009642
   157/199     2.46G   0.02246   0.01065  0.001414   0.03452        20       640    0.9036         1    0.9949    0.8488   0.01173  0.003825 0.0009598
   158/199     2.46G   0.02067  0.009605  0.001316   0.03159        15       640    0.9042         1    0.9949    0.8556  0.009561  0.003783  0.000949
   159/199     2.46G   0.02137    0.0114  0.001417   0.03419        15       640    0.9112         1    0.9948    0.8446   0.01028   0.00385 0.0009395
   160/199     2.46G   0.01885   0.01165  0.001279   0.03178        16       640     0.912         1    0.9952    0.7777   0.01226  0.003822  0.000888
   161/199     2.46G   0.02774   0.01062  0.001248   0.03962        20       640    0.7296         1    0.9528    0.6919   0.01982  0.004236 0.0008998
   162/199     2.46G   0.03326   0.01112  0.001318   0.04569        15       640    0.8788         1     0.994     0.846   0.01416  0.003875 0.0009363
   163/199     2.46G   0.04024   0.01212  0.001745   0.05411        16       640    0.9298         1    0.9955    0.8651   0.01048  0.003707 0.0009761
   164/199     2.46G   0.02378   0.01062  0.001302    0.0357        13       640     0.922         1    0.9955    0.8699  0.009661  0.003765 0.0009985
   165/199     2.46G   0.01763   0.01032  0.001305   0.02926        14       640    0.9226         1    0.9954    0.8734  0.009563  0.003774  0.001009
   166/199     2.46G   0.01502  0.009965  0.001259   0.02625        12       640    0.9221         1    0.9955    0.8804  0.009141  0.003771  0.001015
   167/199     2.46G   0.02681  0.009601   0.00156   0.03797        16       640    0.9164         1    0.9954    0.8762  0.009549  0.003776  0.001013
   168/199     2.46G   0.02716   0.01102  0.001446   0.03963        13       640    0.9285         1    0.9955    0.8159   0.01177  0.003924 0.0009855
   169/199     2.46G   0.02334    0.0104  0.001398   0.03514        13       640     0.927         1    0.9955    0.7506   0.01563  0.003874 0.0009668
   170/199     2.46G   0.03225   0.01124  0.002998   0.04649        17       640    0.9383         1    0.9955    0.8717  0.009906  0.003734 0.0009861
   171/199     2.46G   0.02313    0.0111  0.001334   0.03557        12       640    0.9387         1    0.9955    0.8516   0.01151  0.003793 0.0009805
   172/199     2.46G   0.02076   0.01009  0.001319   0.03217        15       640     0.938         1    0.9955    0.8711   0.00922   0.00373 0.0009762
   173/199     2.46G   0.01791  0.009794  0.001214   0.02892        17       640    0.9331         1    0.9955    0.8754   0.01022  0.003724  0.000966
   174/199     2.46G   0.01662   0.01041  0.001127   0.02817        13       640    0.9336         1    0.9955    0.8773   0.01015  0.003672 0.0009476
   175/199     2.46G   0.02421   0.00978  0.001201   0.03519        12       640    0.9358         1    0.9955    0.8394   0.01087  0.003669 0.0009312
   176/199     2.46G   0.02392  0.009564  0.001266   0.03475        16       640    0.9391         1    0.9955    0.8298   0.01193  0.003845 0.0009045
   177/199     2.46G   0.02806   0.01027  0.001336   0.03966        15       640      0.94         1    0.9954    0.8214   0.01227  0.003922 0.0009058
   178/199     2.46G   0.03398   0.01022  0.001701    0.0459        11       640    0.9397         1    0.9953    0.8627   0.01014  0.003843 0.0009251
   179/199     2.46G   0.02546   0.01093  0.001306   0.03769        13       640    0.9409         1    0.9953    0.8681   0.01105  0.003771 0.0009232
   180/199     2.46G   0.01604   0.01047  0.001101   0.02761        16       640    0.9398         1    0.9953    0.8823  0.009946  0.003705 0.0009235
   181/199     2.46G   0.02164   0.01051  0.001504   0.03365        15       640     0.939         1    0.9953    0.8782  0.008514  0.003676 0.0009124
   182/199     2.46G   0.01542  0.009493  0.001103   0.02602        10       640    0.9357         1    0.9953    0.8846  0.008412  0.003654 0.0009032
   183/199     2.46G   0.02167    0.0102  0.001205   0.03307        17       640    0.9244         1    0.9953    0.8932  0.008433  0.003637 0.0008928
   184/199     2.46G   0.01521   0.01043  0.001125   0.02676        14       640     0.919         1    0.9952    0.8241    0.0114  0.003921 0.0008551
   185/199     2.46G   0.02176   0.01083  0.001155   0.03375        15       640     0.905         1    0.9948    0.8293   0.01274  0.003827 0.0008362
   186/199     2.46G   0.02878  0.009759  0.001243   0.03979        16       640    0.9163         1    0.9947    0.8514  0.009204   0.00368  0.000846
   187/199     2.46G   0.02009   0.01046  0.001156   0.03171        16       640    0.9154         1    0.9947      0.87  0.009889  0.003715 0.0008385
   188/199     2.46G   0.02078   0.01115  0.001466    0.0334        12       640    0.9152         1    0.9949    0.8808  0.008811   0.00368 0.0008377
   189/199     2.46G   0.02069  0.009861  0.001164   0.03172        15       640    0.9154         1    0.9953    0.8726  0.008223  0.003736 0.0008351
   190/199     2.46G   0.01774  0.009004   0.00113   0.02788        12       640    0.9169         1    0.9954    0.8981  0.007977  0.003672 0.0008269
   191/199     2.46G   0.01875   0.00905  0.001236   0.02904        18       640    0.9164         1    0.9954    0.8924  0.008063  0.003684  0.000817
   192/199     2.46G   0.01808   0.01043  0.001123   0.02963        20       640    0.9152         1    0.9954    0.8809  0.007604   0.00368 0.0007843
   193/199     2.46G   0.02224  0.009423  0.001336     0.033        17       640    0.9156         1    0.9954    0.8287   0.01052  0.003869 0.0007581
   194/199     2.46G   0.02198    0.0112   0.00108   0.03425        17       640    0.9174         1    0.9955    0.8466   0.01113  0.003762 0.0007496
   195/199     2.46G   0.02413  0.009357  0.001059   0.03455        17       640    0.9178         1    0.9955    0.8848  0.009544  0.003627 0.0007457
   196/199     2.46G   0.02641   0.01078  0.001648   0.03884        21       640    0.9179         1    0.9955    0.8827  0.008065  0.003571 0.0007463
   197/199     2.46G    0.0184   0.01004  0.001084   0.02953        10       640    0.9192         1    0.9955    0.9006  0.007702  0.003536 0.0007448
   198/199     2.46G   0.01791  0.009526  0.001073   0.02851        12       640    0.9223         1    0.9955    0.9029  0.007657  0.003524 0.0007446
   199/199     2.46G   0.02249  0.009437  0.001451   0.03338        11       640    0.9117         1    0.9955    0.8978  0.008026  0.003512 0.0007409
