     0/199     2.49G    0.1187   0.02731   0.05596     0.202         5       640         0         0  0.006069 0.0009144   0.08223   0.02222   0.04398
     1/199     2.51G    0.1133   0.02666   0.05164    0.1916         3       640         0         0  0.007062  0.001645   0.07232   0.02215    0.0395
     2/199     2.51G    0.1001   0.02638   0.04454     0.171         6       640         0         0  0.009298  0.002314    0.0627   0.02236   0.03532
     3/199     2.51G   0.08234   0.02705   0.03814    0.1475         4       640         0         0   0.01628  0.003153   0.05492   0.02232   0.03018
     4/199     2.51G   0.07346   0.02511   0.03495    0.1335         3       640         0         0   0.02902  0.006889   0.04829   0.02212   0.02475
     5/199     2.51G   0.07402   0.02771   0.02932     0.131         5       640         0         0    0.0673   0.01542   0.04464   0.02181   0.02062
     6/199     2.51G   0.06604   0.02868   0.02395    0.1187         5       640         0         0    0.2436   0.07339   0.04676   0.02093   0.01626
     7/199     2.51G   0.06087   0.02596   0.01898    0.1058         8       640         0         0    0.3961    0.1123   0.04057   0.02034   0.01303
     8/199     2.51G   0.06422   0.02723   0.01804    0.1095         6       640    0.8351     0.202    0.5674    0.1953   0.03896   0.01919  0.009823
     9/199     2.51G   0.05748   0.02758   0.01358   0.09864         5       640    0.3991    0.7778     0.684    0.3083   0.03371   0.01803    0.0072
    10/199     2.51G   0.05815   0.02621   0.01135   0.09571         9       640     0.204    0.8889    0.6957    0.3503   0.03303   0.01658  0.005452
    11/199     2.51G   0.05468   0.02578  0.008745    0.0892         7       640    0.2322    0.9495    0.6365    0.1393    0.0339   0.01548  0.004583
    12/199     2.51G   0.05081   0.02185  0.007683   0.08034         6       640    0.2142    0.9596    0.8129    0.3337   0.02884   0.01426  0.003817
    13/199     2.51G   0.05022   0.02291  0.006418   0.07955         8       640    0.1859    0.9495    0.7631    0.4255   0.02997   0.01296  0.003284
    14/199     2.51G   0.05323   0.01871  0.006351   0.07829         3       640    0.3547    0.9596    0.8972    0.4526   0.02644   0.01206  0.003051
    15/199     2.51G   0.04829   0.01868  0.004934    0.0719         5       640    0.2931    0.9596    0.7302    0.1705   0.03508   0.01133  0.002772
    16/199     2.51G   0.05279   0.01906  0.004949   0.07679         4       640     0.149    0.9697    0.2366   0.08833   0.05365   0.01015  0.002457
    17/199     2.51G   0.06182   0.01876  0.004439   0.08502         5       640    0.3549    0.9697    0.8185    0.3015   0.03983  0.009988  0.002513
    18/199     2.51G   0.05852   0.01654  0.003692   0.07876         4       640    0.3042    0.9798    0.8063    0.3975   0.03937   0.01004  0.002472
    19/199     2.51G   0.05714   0.01804  0.004029   0.07921         7       640    0.2865    0.9596    0.7301    0.4398   0.03369  0.009836  0.002488
    20/199     2.51G   0.05335   0.01522  0.003664   0.07224         4       640    0.3853    0.9697    0.8494     0.331   0.03503  0.009376  0.002313
    21/199     2.51G   0.05305   0.01681  0.003597   0.07346         7       640    0.3383    0.9798      0.83    0.5444   0.03442  0.008966  0.002076
    22/199     2.51G   0.05574   0.01583  0.003309   0.07488         8       640    0.3319    0.9798    0.8039    0.3074   0.03502  0.008718  0.002095
    23/199     2.51G    0.0483   0.01571   0.00358    0.0676         7       640    0.3694    0.9798    0.8922    0.3821   0.03527  0.008458  0.002142
    24/199     2.51G   0.05404   0.01521  0.003872   0.07313         6       640     0.283    0.9798    0.8402    0.5126   0.03617  0.008119  0.002142
    25/199     2.51G   0.05146   0.01685  0.003384    0.0717         5       640    0.3329    0.9798    0.8165    0.5255   0.03285  0.008055  0.002091
    26/199     2.51G   0.04923    0.0133  0.002956   0.06548         4       640    0.3188    0.9798    0.7525     0.229   0.03202  0.007862  0.002188
    27/199     2.51G     0.051   0.01486  0.003532   0.06939         6       640      0.39    0.9899    0.8404    0.3046    0.0297  0.008025  0.002274
    28/199     2.51G    0.0535   0.01446   0.00322   0.07117         5       640    0.4635         1    0.8623    0.5653   0.03248  0.007509   0.00231
    29/199     2.51G   0.05256   0.01388  0.003784   0.07023        10       640    0.4294    0.9899     0.734    0.4793   0.03303  0.007584  0.002352
    30/199     2.51G   0.05426   0.01411  0.003682   0.07205         5       640    0.3452         1    0.7143    0.3469   0.03478  0.007197    0.0025
    31/199     2.51G   0.05407   0.01434  0.004141   0.07255         9       640    0.4796         1    0.7402     0.446   0.02918  0.007336  0.002402
    32/199     2.51G   0.05588    0.0133  0.003449   0.07263         9       640    0.4159         1    0.7916    0.4565   0.02988  0.007152  0.002383
    33/199     2.51G   0.04691    0.0135  0.003334   0.06374         5       640    0.4187         1    0.8284    0.3871   0.03502  0.006938  0.002292
    34/199     2.51G   0.04704   0.01402  0.003455   0.06451         7       640    0.3624         1    0.8224    0.5182   0.02963  0.006794  0.002297
    35/199     2.51G   0.04785   0.01264   0.00304   0.06353         4       640    0.3824         1    0.8319    0.3394   0.03585  0.006551  0.002132
    36/199     2.51G   0.05423   0.01269  0.002967   0.06988         7       640     0.516    0.9899    0.9623    0.5445   0.03178  0.006724   0.00239
    37/199     2.51G   0.05296   0.01311  0.003141   0.06921         5       640     0.399    0.9923    0.8332    0.3621   0.03897  0.006557  0.002223
    38/199     2.51G   0.06162   0.01184  0.003536   0.07699         5       640    0.3242    0.9899    0.6292    0.2361   0.04274  0.006231  0.002359
    39/199     2.51G   0.06068    0.0126  0.003732   0.07702         9       640     0.438    0.9899    0.7777    0.5471   0.03129  0.006668  0.002645
    40/199     2.51G    0.0578   0.01203   0.00357    0.0734         7       640    0.3868         1    0.9061    0.3699   0.03049  0.006555  0.002616
    41/199     2.51G    0.0519   0.01341  0.003548   0.06886         5       640    0.3673         1    0.7697    0.3925    0.0311  0.006135  0.002181
    42/199     2.51G   0.05252     0.011  0.002782    0.0663         3       640    0.3486    0.9899    0.6622    0.2018   0.03846  0.006073  0.002139
    43/199     2.51G   0.05568   0.01265  0.002941   0.07127        10       640    0.4696         1    0.7972    0.5267   0.02788  0.006386    0.0024
    44/199     2.51G   0.05139   0.01212  0.003141   0.06665         8       640    0.3408         1     0.736    0.3637   0.03791   0.00597  0.002283
    45/199     2.51G   0.05469   0.01194  0.003073    0.0697         6       640    0.3439         1    0.7783    0.5338    0.0343  0.005815  0.002508
    46/199     2.51G    0.0492   0.01114  0.003201   0.06354         7       640    0.4237         1     0.832    0.4272   0.03235  0.005838  0.002545
    47/199     2.51G   0.04976   0.01222  0.003536   0.06551         5       640    0.3607         1    0.9104    0.5017    0.0304  0.005596  0.002222
    48/199     2.51G   0.05287   0.01203  0.002812   0.06772         7       640    0.5457         1    0.9523    0.6269   0.02966  0.005668  0.002524
    49/199     2.51G    0.0413   0.01096  0.003042    0.0553         6       640    0.2994         1    0.8546    0.4099   0.04108  0.005312  0.002383
    50/199     2.51G   0.06115   0.00959  0.002982   0.07373         6       640    0.3324         1    0.7537     0.261   0.04959   0.00487  0.002675
    51/199     2.51G   0.06301   0.01011  0.003618   0.07674         5       640    0.4259    0.9899    0.9455    0.6796   0.03312  0.005535  0.003266
    52/199     2.51G   0.05404   0.01046  0.004023   0.06852         2       640    0.3458         1    0.6017    0.3917   0.04423   0.00527  0.002978
    53/199     2.51G   0.05352   0.01055  0.003204   0.06727         5       640    0.4373         1    0.9333    0.5785   0.03431  0.004901  0.002544
    54/199     2.51G   0.05901  0.009367  0.002673   0.07105         7       640     0.423         1    0.9823    0.6002   0.03505  0.005216   0.00264
    55/199     2.51G   0.05571   0.01042  0.002901   0.06903         5       640    0.4318         1    0.9925    0.6595   0.03521  0.004895  0.002538
    56/199     2.51G   0.05672   0.00999   0.00323   0.06994         8       640    0.3523         1    0.9453    0.7102    0.0342  0.005178  0.002587
    57/199     2.51G   0.05086   0.01098  0.003177   0.06502         8       640    0.5586         1    0.9902    0.6037   0.02966  0.006054  0.002681
    58/199     2.51G   0.04179   0.01048  0.002784   0.05506         4       640    0.4342         1    0.9797    0.7524   0.02641  0.005846  0.002117
    59/199     2.51G   0.04993   0.01109  0.002509   0.06353         7       640    0.3562         1    0.9672    0.5311   0.03455  0.005796  0.001767
    60/199     2.51G   0.06229   0.01082  0.002289   0.07541         7       640    0.2649         1    0.7216    0.2612   0.05348  0.005747  0.002431
    61/199     2.51G   0.06999   0.01068  0.003582   0.08425         7       640    0.3912         1    0.6964    0.4498   0.04586  0.007322  0.003915
    62/199     2.51G   0.05001   0.01589  0.004964   0.07086         5       640    0.5312    0.8283    0.6666    0.3456   0.03254   0.01032  0.004444
    63/199     2.51G   0.05313    0.0165  0.005558   0.07519         5       640    0.4136         1    0.9154    0.6458   0.03425  0.007581    0.0042
    64/199     2.51G   0.05429   0.01406  0.004556   0.07291         7       640    0.4802         1    0.9585    0.6013   0.03067  0.007849  0.003998
    65/199     2.51G   0.05098   0.01414  0.004275   0.06939         8       640    0.3973         1    0.8561    0.5418   0.03499  0.006635  0.002883
    66/199     2.51G   0.05472   0.00994  0.003255   0.06791         4       640      0.37         1    0.9648    0.5771   0.03053  0.006227  0.002488
    67/199     2.51G   0.05037   0.01149  0.002689   0.06455         4       640    0.2906         1    0.9434     0.473   0.04115  0.005249  0.002137
    68/199     2.51G   0.05746   0.01087  0.002722   0.07105         6       640    0.4933         1    0.9641    0.6832   0.02306  0.005319  0.001992
    69/199     2.51G    0.0516   0.01068  0.002558   0.06483        10       640    0.3873         1    0.9576    0.4945    0.0314   0.00537  0.001919
    70/199     2.51G   0.06018   0.01005  0.002536   0.07276         4       640    0.3706         1     0.883     0.581   0.03209   0.00506  0.001838
    71/199     2.51G   0.05091   0.01017  0.002488   0.06357        10       640    0.3317         1    0.8277    0.4368   0.03394  0.005068  0.001904
    72/199     2.51G   0.05575   0.01045  0.003059   0.06925         5       640    0.4038         1    0.9197    0.5249   0.03185  0.005114  0.002356
    73/199     2.51G   0.04786  0.009912  0.003439   0.06121         5       640    0.6398         1    0.9775    0.6598   0.02765  0.005092  0.002332
    74/199     2.51G   0.04815  0.009249  0.003148   0.06055         6       640    0.6621         1    0.9865    0.4828   0.02863  0.005217  0.002397
    75/199     2.51G   0.04777  0.009778  0.003456   0.06101         6       640    0.4529         1    0.8956    0.4282   0.03349   0.00492  0.002217
    76/199     2.51G   0.05478    0.0102  0.002947   0.06792         7       640    0.6188         1    0.9781       0.7   0.02266  0.005006  0.002272
    77/199     2.51G   0.04578  0.009782  0.002806   0.05836         8       640    0.4023         1    0.7936    0.3113    0.0378  0.004967  0.002046
    78/199     2.51G   0.05354  0.009832  0.002536   0.06591         5       640    0.5052         1    0.9091    0.5552   0.03086  0.005063  0.002235
    79/199     2.51G   0.04663   0.01102  0.002861   0.06052         7       640    0.7997         1    0.9628    0.6358    0.0222  0.005204  0.002251
    80/199     2.51G   0.05067   0.01119  0.002845   0.06471         9       640    0.5154         1    0.9228    0.5541   0.02743  0.005179  0.002309
    81/199     2.51G   0.04864   0.01062  0.002831   0.06209         4       640    0.7889         1    0.9942    0.7661   0.01863  0.004845   0.00222
    82/199     2.51G   0.04343   0.01012  0.003039   0.05659         4       640    0.5863         1    0.9783    0.7445   0.02661   0.00491  0.002038
    83/199     2.51G   0.05076  0.009619  0.002564   0.06294         6       640    0.6822         1    0.9672    0.6274   0.02705  0.005045  0.001924
    84/199     2.51G   0.04843   0.01007  0.002442   0.06095         5       640    0.7286         1    0.9862    0.7107   0.02532  0.004652  0.001802
    85/199     2.51G   0.04641  0.009534  0.002229   0.05817         8       640    0.6134         1    0.8958    0.5791   0.02682  0.004588  0.001835
    86/199     2.51G   0.04187  0.008467  0.002282   0.05262         7       640    0.5779         1    0.9859    0.7274   0.02508  0.004568  0.001884
    87/199     2.51G   0.04205  0.009439  0.002345   0.05383         9       640    0.8041         1    0.9952     0.793   0.02289  0.004651  0.001894
    88/199     2.51G   0.04434  0.009259  0.002493   0.05609         5       640    0.5333         1    0.9779    0.6033   0.02718  0.004792  0.001853
    89/199     2.51G   0.04808  0.009108   0.00278   0.05997         6       640    0.5585         1    0.9799    0.7733   0.02122  0.004595  0.001916
    90/199     2.51G   0.04687  0.009386  0.002577   0.05883         5       640    0.7903         1    0.9684    0.5895   0.02825  0.004904  0.001954
    91/199     2.51G    0.0492   0.01019   0.00301    0.0624         4       640    0.7344         1    0.9671    0.5837   0.02896  0.005286  0.001975
    92/199     2.51G   0.04688   0.00955  0.003115   0.05954         6       640    0.5687         1     0.891    0.5944   0.02463  0.005107  0.002187
    93/199     2.51G   0.04255    0.0103  0.003537   0.05638         5       640    0.7408         1    0.9848    0.7927   0.01819  0.005129  0.002192
    94/199     2.51G   0.03755   0.01053  0.003242   0.05132         6       640    0.8268         1    0.9843    0.7406   0.01836  0.004787  0.002094
    95/199     2.51G   0.03163   0.01035  0.003285   0.04526         8       640    0.9376         1    0.9952    0.7813   0.01682  0.004578  0.002033
    96/199     2.51G   0.03484  0.009414  0.002951    0.0472         7       640     0.746         1    0.9809    0.7262   0.01798  0.004507  0.001922
    97/199     2.51G   0.03043  0.008775  0.002386   0.04159         7       640    0.9207         1    0.9952    0.8379   0.02206  0.004288  0.001799
    98/199     2.51G   0.03788  0.009336  0.002407   0.04962         9       640    0.9192         1    0.9951    0.7559   0.01904  0.004139  0.001787
    99/199     2.51G   0.03917  0.008816  0.002279   0.05027         5       640      0.84         1    0.9889    0.7153   0.02399  0.004304  0.001735
   100/199     2.51G   0.03861  0.009431  0.002351   0.05039         5       640    0.9526         1    0.9953    0.7625   0.02006  0.004322   0.00166
   101/199     2.51G   0.04125    0.0105  0.002704   0.05445         8       640    0.9018         1    0.9953    0.8341   0.01758  0.004144  0.001633
   102/199     2.51G   0.03886  0.009273  0.002881   0.05102         6       640    0.7926         1    0.9887    0.7476   0.01888  0.004104  0.001545
   103/199     2.51G   0.03702  0.008637   0.00208   0.04774         7       640    0.8941         1    0.9951    0.7848    0.0164   0.00389   0.00154
   104/199     2.51G   0.03421  0.008007  0.002104   0.04432         6       640    0.8649         1     0.995    0.8315   0.01781  0.004021  0.001459
   105/199     2.51G   0.03734  0.009121  0.001858   0.04832        11       640    0.8744         1    0.9952    0.6613   0.02069   0.00398  0.001432
   106/199     2.51G   0.04047  0.008124  0.001833   0.05043         4       640    0.9581         1    0.9952    0.7385   0.02026  0.004133  0.001407
   107/199     2.51G   0.04375  0.009186  0.001809   0.05475         6       640    0.8811         1    0.9945    0.6259   0.02475  0.004343  0.001457
   108/199     2.51G   0.03987  0.008927  0.002207     0.051         6       640    0.9707         1    0.9942    0.8049   0.01812  0.003806  0.001453
   109/199     2.51G   0.03946  0.008068  0.002071    0.0496         4       640    0.9369         1    0.9944    0.7705   0.01783  0.003894  0.001493
   110/199     2.51G   0.03759  0.007477  0.002041    0.0471         5       640    0.9519         1    0.9949    0.6992    0.0195  0.004003  0.001444
   111/199     2.51G   0.03653  0.007921  0.001859   0.04631         6       640    0.9524         1    0.9946    0.8278    0.0162  0.003903  0.001457
   112/199     2.51G   0.03707  0.008201  0.001889   0.04716         9       640    0.8769         1    0.9936    0.7448   0.02228  0.004106  0.001468
   113/199     2.51G   0.04263  0.007869  0.001817   0.05232         6       640     0.915         1    0.9944    0.8122   0.01639  0.004077  0.001505
   114/199     2.51G   0.03882  0.008822  0.002006   0.04964         8       640    0.9299         1    0.9952    0.8613   0.01868  0.004019   0.00149
   115/199     2.51G   0.04125  0.007906  0.001866   0.05102         6       640    0.8753         1    0.9945     0.767   0.01866  0.003975  0.001487
   116/199     2.51G   0.03477  0.007393  0.001805   0.04396         4       640    0.9456         1     0.995    0.8798   0.01818  0.003686    0.0015
   117/199     2.51G    0.0382  0.008866  0.002022   0.04909         3       640    0.9404         1    0.9953    0.8611   0.01713  0.003738   0.00149
   118/199     2.51G   0.03205  0.007498  0.001693   0.04124         5       640    0.8905         1    0.9894    0.7763   0.01724  0.003801  0.001459
   119/199     2.51G    0.0389  0.007309  0.001771   0.04798         7       640    0.9345         1    0.9924    0.8736   0.01552  0.003647  0.001466
   120/199     2.51G   0.03601  0.007988  0.001768   0.04577         6       640    0.9484         1    0.9953      0.84   0.01615  0.003724  0.001431
   121/199     2.51G   0.03008  0.008293  0.001694   0.04007         7       640     0.946         1    0.9953     0.885   0.01438  0.003574  0.001375
   122/199     2.51G   0.03424  0.006988  0.001597   0.04283         3       640    0.9366         1    0.9953    0.8639   0.01363  0.003486  0.001366
   123/199     2.51G   0.02965  0.008605  0.001548   0.03981         6       640     0.955         1    0.9953    0.8313   0.01671  0.003652  0.001303
   124/199     2.51G   0.03158  0.008024  0.001552   0.04115         5       640     0.946         1    0.9953    0.8392   0.01626   0.00357  0.001269
   125/199     2.51G   0.03536  0.008879    0.0016   0.04584         6       640    0.9358         1    0.9942    0.7982   0.01794  0.003457  0.001251
   126/199     2.51G   0.03237  0.008037   0.00151   0.04192         5       640    0.9291         1    0.9952    0.8252    0.0183  0.003679  0.001261
   127/199     2.51G   0.03666  0.008802  0.001733   0.04719         4       640    0.9376         1    0.9953    0.8763    0.0177  0.003628  0.001274
   128/199     2.51G   0.03263  0.008288  0.001685    0.0426         8       640    0.9251         1    0.9954      0.85   0.01451  0.003593  0.001301
   129/199     2.51G   0.03133  0.007976  0.001636   0.04094         7       640     0.945         1    0.9954    0.8288   0.01732  0.003721   0.00128
   130/199     2.51G    0.0332  0.007478  0.001532   0.04221         7       640    0.9294         1    0.9953    0.8846   0.01604  0.003465  0.001279
   131/199     2.51G   0.03185  0.007174  0.001551   0.04058         4       640    0.9568         1    0.9954    0.9108   0.01289  0.003326  0.001261
   132/199     2.51G   0.02983  0.007801   0.00153   0.03917         4       640    0.9568         1    0.9954    0.8791   0.01363  0.003347  0.001232
   133/199     2.51G    0.0341  0.008626  0.001672   0.04439         7       640     0.959         1    0.9954    0.8708   0.01545   0.00342  0.001237
   134/199     2.51G   0.02851  0.008135  0.001491   0.03814         3       640    0.9477         1    0.9955     0.879   0.01658   0.00343  0.001192
   135/199     2.51G   0.03408  0.008182  0.001599   0.04387         7       640    0.9555         1    0.9954    0.8904   0.01354  0.003325  0.001196
   136/199     2.51G   0.02894  0.006844  0.001406   0.03719         6       640    0.9074         1    0.9955    0.8754   0.01313   0.00331  0.001182
   137/199     2.51G   0.03145  0.008147  0.001495   0.04109         5       640    0.9501         1    0.9955    0.8921   0.01567  0.003406  0.001172
   138/199     2.51G   0.03374  0.008045   0.00177   0.04355        10       640    0.9648         1    0.9955     0.916    0.0117  0.003115  0.001184
   139/199     2.51G    0.0309  0.007375  0.001551   0.03983         6       640    0.9646         1    0.9955    0.9042   0.01396  0.003251  0.001164
   140/199     2.51G    0.0291  0.008188  0.001605    0.0389         5       640    0.9645         1    0.9955    0.9236   0.01319  0.003201  0.001141
   141/199     2.51G   0.03107  0.007859  0.001444   0.04037         9       640    0.9697         1    0.9955    0.8402   0.01615  0.003405  0.001124
   142/199     2.51G   0.03624  0.007832  0.001735    0.0458         7       640    0.9519         1    0.9955    0.8921   0.01415  0.003327  0.001146
   143/199     2.51G   0.03112  0.007839  0.001472   0.04043         5       640    0.9616         1    0.9955    0.9327   0.01329  0.003089  0.001144
   144/199     2.51G   0.02899  0.007071   0.00144    0.0375         3       640    0.9547         1    0.9955     0.933   0.01563  0.003226   0.00114
   145/199     2.51G   0.02944  0.006403  0.001407   0.03725         4       640    0.9641         1    0.9955    0.9031   0.01421  0.003249  0.001153
   146/199     2.51G   0.02831  0.006851  0.001342    0.0365         5       640    0.9638         1    0.9955    0.9238   0.01173  0.003104  0.001144
   147/199     2.51G   0.02788  0.007988  0.001394   0.03727         8       640    0.9682         1    0.9955    0.8802   0.01392  0.003327   0.00112
   148/199     2.51G   0.03085  0.007804  0.001485   0.04014         6       640    0.9672         1    0.9955    0.8923   0.01341  0.003157    0.0011
   149/199     2.51G   0.03038  0.007146   0.00137    0.0389         4       640     0.966         1    0.9955     0.875   0.01325   0.00317  0.001106
   150/199     2.51G   0.02639  0.007155  0.001285   0.03483         4       640    0.9612         1    0.9956    0.9209   0.01391  0.003171  0.001099
   151/199     2.51G   0.02641  0.007483  0.001407    0.0353         9       640    0.9585         1    0.9955    0.9353   0.01076   0.00307  0.001108
   152/199     2.51G   0.02773  0.006986  0.001417   0.03613         8       640    0.9623         1    0.9956    0.8803   0.01116  0.003043  0.001105
   153/199     2.51G   0.02638  0.007526  0.001508   0.03542         8       640    0.9671         1    0.9956    0.9264   0.01231  0.003073  0.001095
   154/199     2.51G    0.0211  0.007129  0.001279   0.02951         4       640    0.9613         1    0.9956    0.9287   0.01183  0.002998  0.001081
   155/199     2.51G   0.02624  0.007141  0.001242   0.03462         4       640    0.9802         1    0.9956    0.8795   0.01105  0.003197  0.001066
   156/199     2.51G   0.02505  0.007712  0.001506   0.03427         4       640    0.9808         1    0.9956    0.9212   0.01033   0.00309  0.001046
   157/199     2.51G   0.02578  0.007454  0.001281   0.03451         4       640    0.9801         1    0.9956    0.9479  0.009636  0.002988  0.001035
   158/199     2.51G   0.02019  0.006578  0.001205   0.02797         5       640     0.981         1    0.9957    0.9533   0.01018  0.002963  0.001008
   159/199     2.51G   0.02321  0.007231  0.001231   0.03167         7       640    0.9808         1    0.9957    0.9199    0.0109  0.003067  0.001002
   160/199     2.51G   0.02211  0.006086   0.00113   0.02932         4       640    0.9802         1    0.9957    0.9156    0.0112  0.003303 0.0009837
   161/199     2.51G   0.02181   0.00737  0.001177   0.03036         4       640    0.9802         1    0.9957     0.901  0.008525  0.003062 0.0009807
   162/199     2.51G   0.02099  0.006928  0.001162   0.02908         5       640    0.9722         1    0.9957    0.9374   0.01058  0.003058 0.0009812
   163/199     2.51G   0.02335  0.006869  0.001139   0.03136         6       640    0.9711         1    0.9957    0.9275   0.01066  0.003084 0.0009832
   164/199     2.51G    0.0201  0.006415  0.001196   0.02771         7       640    0.9806         1    0.9957    0.9349   0.00904  0.002982 0.0009732
   165/199     2.51G     0.024   0.00716  0.001253   0.03242         4       640    0.9859         1    0.9958    0.9417  0.009301  0.002897 0.0009684
   166/199     2.51G   0.01901  0.006507  0.001239   0.02675         9       640    0.9837         1    0.9957    0.9071    0.0104  0.003024 0.0009516
   167/199     2.51G   0.02209  0.007158   0.00131   0.03055         7       640    0.9864         1    0.9957    0.9466  0.008341  0.002817 0.0009435
   168/199     2.51G   0.02031  0.007375  0.001266   0.02895         6       640    0.9729         1    0.9957    0.8846   0.01077  0.003061 0.0009316
   169/199     2.51G   0.01959  0.006894  0.001241   0.02773         8       640      0.97         1    0.9957    0.9168   0.01018  0.002899 0.0009168
   170/199     2.51G   0.01986  0.006743  0.001345   0.02795         5       640    0.9696         1    0.9957    0.9238  0.008013  0.002744 0.0009217
   171/199     2.51G   0.01911  0.007032  0.001265    0.0274         6       640    0.9655         1    0.9957    0.9046    0.0109  0.002893 0.0009132
   172/199     2.51G   0.01886  0.006076  0.001234   0.02617         5       640    0.9641         1    0.9957    0.9595      0.01  0.002774 0.0009206
   173/199     2.51G   0.01988  0.007163  0.001332   0.02837         6       640    0.9679         1    0.9957    0.9384  0.008362  0.002782 0.0009208
   174/199     2.51G   0.01704  0.005889  0.001136   0.02406         3       640    0.9509         1    0.9957    0.9484  0.008478  0.002833  0.000907
   175/199     2.51G   0.01816  0.006936  0.001182   0.02628         6       640    0.9515         1    0.9957    0.9482  0.007595   0.00278 0.0009016
   176/199     2.51G   0.01942  0.006605  0.001165   0.02719         6       640    0.9678         1    0.9957    0.9322   0.00907  0.002848 0.0008835
   177/199     2.51G    0.0192  0.006934  0.001155   0.02729         3       640    0.9805         1    0.9958    0.9474  0.007999   0.00272 0.0008728
   178/199     2.51G   0.01799  0.006841  0.001194   0.02603         4       640    0.9855         1    0.9957    0.9542  0.006691  0.002602 0.0008663
   179/199     2.51G   0.01463  0.006252  0.001101   0.02198         5       640    0.9903         1    0.9958    0.9503  0.008327  0.002708 0.0008455
   180/199     2.51G    0.0179  0.007865  0.001284   0.02705         6       640    0.9903         1    0.9958    0.9548  0.009143  0.002713 0.0008255
   181/199     2.51G   0.02206  0.007449  0.001187   0.03069         7       640    0.9902         1    0.9958    0.9392  0.008903  0.002752 0.0008161
   182/199     2.51G   0.02115  0.007304  0.001169   0.02962         4       640    0.9849         1    0.9958    0.9211  0.008523  0.002726 0.0008115
   183/199     2.51G   0.01828   0.00659  0.001037   0.02591         6       640     0.987         1    0.9958     0.964  0.006185  0.002513 0.0008083
   184/199     2.51G   0.01464  0.006396  0.001092   0.02213         7       640    0.9901         1    0.9958     0.958  0.006732  0.002588 0.0008022
   185/199     2.51G   0.01548  0.006499  0.001137   0.02312         6       640    0.9859         1    0.9958    0.9226  0.008479  0.002807 0.0007872
   186/199     2.51G   0.01786  0.005786  0.001077   0.02472         3       640    0.9784         1    0.9959    0.9475  0.006966  0.002528  0.000781
   187/199     2.51G   0.01876  0.006838  0.001036   0.02664         5       640    0.9702         1    0.9959    0.9073  0.008794   0.00277 0.0007749
   188/199     2.51G   0.01516  0.006522 0.0009713   0.02265         7       640    0.9783         1    0.9959    0.9565  0.007317  0.002587 0.0007697
   189/199     2.51G   0.01652  0.007405  0.001054   0.02498         7       640    0.9796         1    0.9959    0.9408  0.006554  0.002504 0.0007664
   190/199     2.51G   0.01748  0.006157 0.0009665    0.0246         6       640    0.9751         1    0.9959    0.9246  0.007807  0.002553 0.0007524
   191/199     2.51G   0.01529  0.005729 0.0009853     0.022         3       640    0.9745         1    0.9959    0.9637  0.006648  0.002485 0.0007498
   192/199     2.51G   0.01857   0.00663  0.001162   0.02637         6       640    0.9695         1    0.9959    0.9063   0.01002  0.002758 0.0007491
   193/199     2.51G   0.01821  0.006677  0.001021   0.02591         5       640    0.9682         1    0.9958    0.9296   0.00782  0.002656 0.0007515
   194/199     2.51G   0.02034  0.006707 0.0009795   0.02803         4       640    0.9663         1    0.9958    0.9473  0.007597  0.002542 0.0007538
   195/199     2.51G   0.01796  0.006053 0.0009885     0.025         6       640    0.9734         1    0.9958    0.9215  0.007622  0.002603 0.0007625
   196/199     2.51G   0.01632    0.0065  0.001015   0.02383         5       640    0.9762         1    0.9958    0.9451  0.006711   0.00256 0.0007635
   197/199     2.51G   0.01802    0.0071  0.001139   0.02626         7       640     0.976         1    0.9958    0.9595  0.007672  0.002589 0.0007644
   198/199     2.51G   0.01773  0.007288  0.001013   0.02603         5       640    0.9787         1    0.9958      0.93   0.01015   0.00268 0.0007623
   199/199     2.51G   0.01839  0.005951 0.0009449   0.02529         4       640    0.9819         1    0.9958    0.9501  0.008205  0.002503 0.0007627
