     0/299     2.45G   0.01724   0.01273 0.0008357   0.03081        32       640    0.7854     0.872    0.8689    0.6399   0.02625   0.01901  0.003025
     1/299     2.46G     0.018   0.01332 0.0007648   0.03208        25       640    0.7976    0.8568    0.8666    0.6184   0.02641   0.01886  0.002874
     2/299     2.46G   0.02029   0.01374  0.001023   0.03506        30       640    0.7596    0.8506    0.8435    0.5352   0.02897   0.01924  0.002794
     3/299     2.46G   0.02487   0.01475  0.001127   0.04074        16       640    0.7606    0.8479    0.8441    0.5655   0.02882   0.01886   0.00294
     4/299     2.46G    0.0262   0.01531  0.001727   0.04323        16       640    0.7004    0.8139    0.7833    0.5418    0.0297    0.0199  0.003189
     5/299     2.46G   0.02728   0.01649  0.001873   0.04564        19       640      0.66    0.8485    0.8214    0.5408   0.03096   0.01948  0.003099
     6/299     2.46G   0.02698   0.01679  0.002647   0.04642        49       640    0.6174    0.8661    0.8183    0.5398    0.0298   0.01898  0.003869
     7/299     2.46G   0.02698   0.01738  0.002599   0.04696        14       640    0.6723    0.8362    0.8241    0.5731    0.0298   0.01858  0.004576
     8/299     2.46G    0.0267   0.01777  0.002591   0.04707        16       640    0.6464    0.8343    0.8091    0.5396   0.02925   0.01881  0.003791
     9/299     2.46G   0.02601   0.01737  0.002013   0.04539        19       640    0.6367    0.8397    0.8239    0.5599   0.02996   0.01899  0.005385
    10/299     2.46G   0.02629   0.01755  0.002728   0.04656        46       640     0.602    0.8504    0.8135    0.5419   0.02936    0.0187  0.003691
    11/299     2.46G   0.02606   0.01702  0.002736   0.04582        18       640    0.6015    0.8638    0.8295    0.5527   0.02864   0.01838  0.003643
    12/299     2.46G   0.02636   0.01753  0.002645   0.04654        38       640    0.6236    0.8682    0.8217    0.5387   0.03049   0.01849  0.003587
    13/299     2.46G   0.02707   0.01876  0.002627   0.04846        21       640    0.6499      0.82    0.7966    0.5345   0.02964   0.01919  0.003763
    14/299     2.46G   0.02654   0.01845  0.002767   0.04776        34       640    0.6403    0.8355    0.8127    0.5435   0.02956   0.01828  0.003749
    15/299     2.46G   0.02703   0.01795  0.002487   0.04747        40       640    0.6435    0.8354    0.8137    0.5179    0.0297   0.01862  0.003876
    16/299     2.46G   0.02716   0.01818  0.002527   0.04786        36       640    0.5685    0.8719    0.8158     0.551   0.02906   0.01863  0.004072
    17/299     2.46G   0.02706   0.01814  0.003318   0.04852        30       640    0.6331    0.8441    0.8096    0.5194   0.03102   0.01902  0.004607
    18/299     2.46G   0.02748   0.01856  0.002725   0.04876        42       640    0.5862    0.8199    0.7661    0.5138   0.03029   0.01908   0.00375
    19/299     2.46G    0.0269   0.01775   0.00228   0.04693        31       640    0.6447    0.8577    0.8256    0.5406   0.03008   0.01869  0.004341
    20/299     2.46G   0.02602   0.01824  0.002441    0.0467        41       640    0.6055    0.8589    0.8182    0.5197    0.0292   0.01853  0.004266
    21/299     2.46G   0.02675   0.01865  0.002519   0.04792        23       640    0.6348    0.8391    0.8225    0.5333   0.03012   0.01925  0.004669
    22/299     2.46G   0.02664   0.01927  0.002472   0.04838        22       640      0.64    0.8386    0.8047    0.5405   0.02925   0.01851  0.004459
    23/299     2.46G   0.02619   0.01812  0.002131   0.04644        61       640    0.6453    0.8292    0.8022    0.5479   0.02961   0.01897  0.003929
    24/299     2.46G   0.02609   0.01744  0.002128   0.04565        26       640    0.6815    0.8556    0.8345    0.5712   0.02822   0.01827  0.003285
    25/299     2.46G    0.0255   0.01744  0.002002   0.04495        44       640    0.7314     0.861    0.8391    0.5746   0.02864   0.01836  0.003599
    26/299     2.46G   0.02541   0.01709  0.001954   0.04445        16       640    0.7092    0.8518    0.8408    0.5756    0.0281   0.01831  0.004116
    27/299     2.46G   0.02562   0.01703  0.001946    0.0446        26       640    0.7035    0.8563    0.8308    0.5711   0.02862   0.01817  0.003316
    28/299     2.46G   0.02533   0.01711  0.002066   0.04451        15       640    0.6481    0.8504    0.8137    0.5639   0.02802   0.01828  0.003324
    29/299     2.46G   0.02576   0.01703  0.002086   0.04487        15       640    0.7067    0.8535    0.8322    0.5691   0.02845   0.01843  0.002618
    30/299     2.46G   0.02531   0.01801  0.002288   0.04561        18       640    0.7162    0.8437    0.8324    0.5662    0.0276     0.018  0.003699
    31/299     2.46G   0.02534   0.01776  0.002346   0.04544        14       640    0.6942    0.8364     0.825    0.5617   0.02879   0.01821  0.004079
    32/299     2.46G   0.02475   0.01693  0.002205   0.04389        26       640    0.6053    0.8542    0.8191    0.5656   0.02805    0.0182  0.004514
    33/299     2.46G   0.02493   0.01705  0.002605   0.04459        12       640    0.6674    0.8401    0.8203    0.5595   0.02824   0.01828   0.00478
    34/299     2.46G   0.02547   0.01835  0.002414   0.04624        19       640    0.7048    0.8264    0.8078    0.5546   0.02933   0.01846  0.004593
    35/299     2.46G   0.02442   0.01711  0.002213   0.04375        17       640    0.7172    0.8343    0.8184    0.5668   0.02825   0.01877  0.003403
    36/299     2.46G   0.02518   0.01727  0.001763   0.04421        57       640    0.6951    0.8626    0.8386    0.5578   0.02899   0.01811  0.003596
    37/299     2.46G   0.02404   0.01618  0.001772   0.04199        31       640    0.6963    0.8627    0.8378    0.5769   0.02767   0.01803  0.003752
    38/299     2.46G    0.0251   0.01636  0.002174   0.04364        22       640    0.7305    0.8389     0.837    0.5717    0.0284   0.01866  0.003607
    39/299     2.46G   0.02496   0.01745  0.002063   0.04447        41       640    0.6859    0.8519    0.8362    0.5645   0.02844   0.01794  0.003488
    40/299     2.46G   0.02427   0.01692  0.001816     0.043        12       640    0.7073    0.8342    0.8346    0.5709   0.02781   0.01855  0.003705
    41/299     2.46G   0.02432   0.01707  0.001791   0.04319        22       640      0.73    0.8357     0.824    0.5772   0.02849   0.01879   0.00432
    42/299     2.46G   0.02437   0.01691  0.002133   0.04341        24       640    0.7268    0.8491    0.8262    0.5679   0.02783   0.01848  0.003677
    43/299     2.46G    0.0246   0.01669  0.001969   0.04326        22       640    0.7254    0.8259    0.8097    0.5531   0.02873   0.01911  0.004029
    44/299     2.46G   0.02493    0.0171  0.002348   0.04438        29       640    0.7138     0.856    0.8348    0.5695   0.02838   0.01838  0.003691
    45/299     2.46G   0.02418    0.0166  0.001838   0.04262        16       640    0.7245    0.8423    0.8245    0.5756   0.02884    0.0189  0.003923
    46/299     2.46G   0.02477   0.01692  0.001939   0.04363        16       640     0.695    0.8606    0.8403    0.5751   0.02818   0.01821   0.00299
    47/299     2.46G   0.02429   0.01618  0.002045   0.04252        28       640    0.7121    0.8505    0.8338    0.5674   0.02807   0.01846  0.003125
    48/299     2.46G    0.0245   0.01694  0.002109   0.04354        45       640    0.6855    0.8662     0.851    0.5852   0.02854   0.01792  0.003067
    49/299     2.46G   0.02458   0.01681  0.002039   0.04343        23       640    0.7496    0.8492    0.8438    0.5811    0.0276   0.01873  0.003484
    50/299     2.46G   0.02396   0.01669  0.002038   0.04268        23       640    0.7129    0.8359    0.8249    0.5656   0.02777   0.01847  0.003252
    51/299     2.46G   0.02395    0.0163  0.002254   0.04251        27       640    0.6816    0.8509    0.8309    0.5833   0.02767    0.0186  0.003013
    52/299     2.46G   0.02422   0.01625  0.001857   0.04233        28       640    0.7374     0.839    0.8398    0.5859   0.02781   0.01829  0.003634
    53/299     2.46G   0.02394    0.0163   0.00211   0.04235        14       640    0.6859    0.8571    0.8356    0.5879    0.0276   0.01815   0.00312
    54/299     2.46G   0.02405    0.0158  0.002057   0.04191        20       640    0.6631    0.8364    0.8062    0.5447   0.02875   0.01855  0.003676
    55/299     2.46G   0.02412   0.01606  0.001975   0.04215        30       640    0.6666    0.8215    0.8032     0.563   0.02848   0.01866  0.003338
    56/299     2.46G   0.02411   0.01636  0.002045   0.04251        25       640    0.7045    0.8631    0.8429    0.5741   0.02806   0.01845  0.003515
    57/299     2.46G   0.02361   0.01612  0.002004   0.04173        24       640    0.7103    0.8578    0.8378    0.5695   0.02824   0.01886    0.0034
    58/299     2.46G   0.02405   0.01659  0.001707   0.04234        36       640    0.6951    0.8461    0.8297    0.5607   0.02743   0.01834  0.003319
    59/299     2.46G   0.02395   0.01688  0.001749   0.04258        26       640     0.729    0.8483     0.831    0.5834   0.02788   0.01822  0.003684
    60/299     2.46G   0.02369   0.01654   0.00179   0.04201        17       640    0.7239    0.8188    0.7993    0.5674   0.02851   0.01894  0.003314
    61/299     2.46G   0.02323   0.01607  0.001736   0.04104        17       640     0.714    0.8509    0.8339    0.5707   0.02783   0.01866  0.003385
    62/299     2.46G    0.0235   0.01613  0.002163   0.04179        44       640     0.656    0.8445    0.8152    0.5735   0.02856   0.01891  0.003423
    63/299     2.46G   0.02435   0.01718  0.002692   0.04423        26       640    0.6724    0.8444    0.8281    0.5741   0.02769    0.0183  0.003921
    64/299     2.46G   0.02419   0.01655  0.002003   0.04274        18       640    0.6631    0.8476    0.8317     0.578   0.02809   0.01846  0.003468
    65/299     2.46G   0.02415   0.01674  0.002041   0.04294        24       640    0.7071    0.8483    0.8402    0.5863   0.02766   0.01848  0.002873
    66/299     2.46G   0.02345   0.01641  0.001961   0.04181        30       640    0.7119    0.8589    0.8493    0.5904   0.02757   0.01868  0.003694
    67/299     2.46G   0.02366   0.01585  0.002087    0.0416        34       640    0.7131    0.8452    0.8161     0.578    0.0281   0.01855  0.003251
    68/299     2.46G   0.02352   0.01634   0.00182   0.04168        11       640    0.6938    0.8658    0.8503    0.5982    0.0276   0.01824  0.003028
    69/299     2.46G   0.02323   0.01593  0.001625   0.04079        26       640    0.7266    0.8557     0.839    0.5964   0.02775   0.01821  0.004175
    70/299     2.46G   0.02339   0.01552  0.001649   0.04055        16       640     0.759    0.8395    0.8346    0.5824    0.0291   0.01864  0.004948
    71/299     2.46G   0.02331   0.01601  0.001776    0.0411        15       640    0.6906    0.8609    0.8398    0.5797   0.02857   0.01841  0.003901
    72/299     2.46G   0.02436   0.01665  0.002066   0.04307        13       640    0.7504    0.8629    0.8466    0.5764   0.02845    0.0188  0.003106
    73/299     2.46G   0.02302   0.01584  0.001799   0.04066        53       640    0.7251    0.8551    0.8454    0.5887   0.02777   0.01833  0.003415
    74/299     2.46G   0.02309   0.01615  0.001797   0.04104        26       640    0.7136      0.86    0.8436    0.5922   0.02815   0.01816    0.0039
    75/299     2.46G   0.02263   0.01589  0.001662   0.04018        23       640    0.7447    0.8443    0.8303    0.5869   0.02755   0.01859  0.003632
    76/299     2.46G   0.02271   0.01606  0.002428    0.0412        31       640    0.7148    0.8534    0.8537    0.5918   0.02801   0.01844  0.003979
    77/299     2.46G   0.02257   0.01514  0.001619   0.03933        23       640    0.7325    0.8609    0.8463    0.5968   0.02833    0.0184  0.003375
    78/299     2.46G   0.02262   0.01586  0.001694   0.04017        18       640    0.7376    0.8456    0.8394    0.5904   0.02786   0.01916  0.003863
    79/299     2.46G    0.0225   0.01546  0.001646    0.0396        15       640    0.7484     0.845    0.8388    0.5973   0.02797   0.01849  0.004211
    80/299     2.46G    0.0225   0.01576  0.001813   0.04007        17       640    0.7457    0.8398    0.8268    0.5863   0.02756   0.01918  0.003159
    81/299     2.46G   0.02255   0.01568  0.001785   0.04002        32       640    0.7244    0.8554     0.843    0.5872   0.02832   0.01861  0.003512
    82/299     2.46G    0.0227   0.01616  0.001616   0.04047        42       640    0.7606    0.8215    0.8298    0.5991   0.02826   0.01851  0.003144
    83/299     2.46G    0.0227   0.01595  0.001695   0.04034        34       640    0.6962    0.8739    0.8551    0.5744   0.02858   0.01852  0.002988
    84/299     2.46G   0.02253   0.01536  0.001566   0.03946        21       640    0.7506    0.8462      0.84       0.6   0.02819   0.01877  0.003719
    85/299     2.46G   0.02235   0.01558  0.001516   0.03945        23       640    0.7364    0.8391    0.8299    0.5841   0.02835   0.01895  0.003291
    86/299     2.46G   0.02216   0.01522  0.001362   0.03874        38       640      0.74    0.8376     0.834    0.5908   0.02768   0.01863  0.003273
    87/299     2.46G   0.02227   0.01561  0.001854   0.03973        41       640    0.7354    0.8409    0.8351    0.5836   0.02815   0.01888  0.004067
    88/299     2.46G   0.02231   0.01579  0.002141   0.04024        27       640    0.6727    0.8424     0.829    0.5817   0.02768   0.01914  0.003702
    89/299     2.46G   0.02274    0.0162  0.001907   0.04085        27       640    0.7405    0.8392    0.8437    0.5985   0.02805    0.0183  0.003854
    90/299     2.46G   0.02203   0.01554  0.001698   0.03927        16       640    0.7343     0.865     0.847    0.5927   0.02809   0.01879  0.004042
    91/299     2.46G   0.02236   0.01614  0.001637   0.04014        33       640    0.7322    0.8455     0.836    0.5901    0.0277    0.0188  0.003743
    92/299     2.46G   0.02202   0.01545  0.001483   0.03896        17       640    0.7699    0.8518    0.8476    0.5862   0.02792   0.01913  0.003421
    93/299     2.46G   0.02213   0.01524  0.001663   0.03903        20       640    0.7735    0.8424    0.8448    0.5897   0.02791   0.01879  0.004211
    94/299     2.46G   0.02228   0.01502  0.001567   0.03887        52       640    0.7387    0.8408    0.8366    0.5981   0.02774   0.01831  0.003828
    95/299     2.46G    0.0225   0.01639   0.00157   0.04047        22       640    0.7406    0.8438    0.8356    0.5945   0.02827   0.01867  0.003526
    96/299     2.46G    0.0225    0.0166   0.00167   0.04077        16       640    0.7306    0.8394    0.8356    0.5859   0.02746   0.01823  0.003357
    97/299     2.46G   0.02207   0.01531  0.001708   0.03909        21       640    0.7237    0.8489    0.8414     0.593   0.02751   0.01851   0.00323
    98/299     2.46G   0.02237   0.01539  0.001586   0.03935        41       640     0.726    0.8581    0.8538    0.6116   0.02765   0.01826  0.003126
    99/299     2.46G   0.02185   0.01559  0.001708   0.03915        39       640    0.7539    0.8551    0.8478    0.6005   0.02762   0.01826  0.003705
   100/299     2.46G   0.02216   0.01598  0.001633   0.03978        13       640    0.7521    0.8571    0.8449    0.6057   0.02764   0.01858   0.00317
   101/299     2.46G   0.02169   0.01537  0.001566   0.03862        28       640    0.7221    0.8608    0.8428    0.6032   0.02738   0.01861  0.003515
   102/299     2.46G   0.02226    0.0158  0.001742    0.0398        20       640    0.7319     0.857    0.8456    0.5915   0.02731   0.01842  0.003235
   103/299     2.46G   0.02187   0.01518  0.001541   0.03859        24       640    0.7495    0.8403    0.8373    0.5958   0.02786   0.01864  0.003645
   104/299     2.46G   0.02127   0.01423  0.001562   0.03706        17       640    0.7573    0.8338    0.8237    0.5955   0.02729   0.01893   0.00382
   105/299     2.46G   0.02142   0.01484  0.001286   0.03754        26       640    0.7255    0.8389    0.8284    0.5804   0.02759   0.01871  0.003522
   106/299     2.46G    0.0213   0.01518  0.001363   0.03785        22       640    0.7754    0.8368    0.8319    0.5942   0.02773   0.01885  0.003655
   107/299     2.46G    0.0207   0.01517  0.001532    0.0374        27       640    0.7318     0.844    0.8422    0.5932   0.02798   0.01891  0.003984
   108/299     2.46G   0.02137   0.01504  0.001512   0.03792        17       640    0.7152      0.86    0.8433    0.6015   0.02732   0.01859  0.003093
   109/299     2.46G   0.02187   0.01525  0.001785   0.03891        28       640    0.7316    0.8571    0.8445    0.5949   0.02794   0.01826  0.003877
   110/299     2.46G   0.02158   0.01506  0.001471   0.03812        11       640     0.771    0.8503    0.8453    0.6054   0.02725   0.01879  0.003321
   111/299     2.46G   0.02136   0.01567  0.001438   0.03846        26       640    0.7313    0.8514     0.838    0.5953   0.02746   0.01882  0.003836
   112/299     2.46G   0.02172   0.01572  0.001726   0.03917        18       640    0.6995    0.8363    0.8183    0.5933   0.02718   0.01927   0.00375
   113/299     2.46G   0.02147   0.01495  0.001731   0.03815        21       640    0.7269    0.8382    0.8207    0.5953   0.02715   0.01875  0.003497
   114/299     2.46G   0.02142   0.01533  0.001331   0.03808        29       640    0.7141    0.8357    0.8201    0.5901    0.0275   0.01877  0.003592
   115/299     2.46G   0.02134   0.01496  0.001518   0.03782        22       640    0.7601    0.8373    0.8245    0.5952   0.02743   0.01892  0.003745
   116/299     2.46G   0.02102   0.01553   0.00144   0.03798        39       640    0.7516     0.847    0.8342    0.5992   0.02744   0.01892  0.004549
   117/299     2.46G   0.02135   0.01552  0.001389   0.03826        33       640    0.7618    0.8354    0.8346    0.6015   0.02721   0.01959  0.004018
   118/299     2.46G   0.02118    0.0147  0.001386   0.03726        12       640     0.741    0.8534    0.8461    0.6073   0.02723   0.01876  0.003879
   119/299     2.46G   0.02046   0.01467  0.001323   0.03645        31       640    0.7507    0.8472    0.8366    0.6044     0.027   0.01889  0.003772
   120/299     2.46G   0.02077   0.01467  0.001342   0.03678        33       640    0.7652    0.8552    0.8451     0.604    0.0271   0.01897  0.003129
   121/299     2.46G   0.02032   0.01456  0.001682   0.03656        34       640    0.7463     0.835    0.8335    0.6104   0.02707   0.01899    0.0036
   122/299     2.46G    0.0206   0.01495  0.001439   0.03698        16       640    0.7444    0.8501    0.8334    0.5974    0.0271   0.01892  0.003473
   123/299     2.46G   0.02081   0.01516   0.00134   0.03731        29       640     0.735    0.8386    0.8247    0.5954   0.02725   0.01879  0.003025
   124/299     2.46G   0.01986   0.01438  0.001428   0.03566        13       640    0.7681    0.8487    0.8422    0.5981   0.02693   0.01932  0.003195
   125/299     2.46G   0.02057   0.01458   0.00133   0.03647        27       640    0.7553    0.8427    0.8352    0.5992   0.02719   0.01906  0.003281
   126/299     2.46G   0.02034   0.01403  0.001452   0.03583        26       640    0.7437    0.8517    0.8506    0.6073   0.02666   0.01863  0.003623
   127/299     2.46G   0.01962   0.01382  0.001294   0.03473        17       640    0.7613    0.8514     0.848     0.613   0.02666   0.01871  0.003103
   128/299     2.46G   0.02065   0.01422   0.00134   0.03621        22       640     0.767    0.8539     0.852    0.6069   0.02642   0.01863  0.003146
   129/299     2.46G    0.0203   0.01454  0.001295   0.03613        25       640     0.743    0.8396    0.8365    0.5986   0.02696     0.019  0.004181
   130/299     2.46G   0.02051   0.01449  0.001545   0.03654        23       640    0.7601    0.8581    0.8503    0.6071   0.02731   0.01891  0.003503
   131/299     2.46G   0.02075   0.01506  0.001894    0.0377        18       640    0.7457    0.8411    0.8465     0.607   0.02679   0.01881  0.003299
   132/299     2.46G   0.02055   0.01487  0.001746   0.03717        20       640    0.7458    0.8363    0.8373     0.599   0.02717   0.01934  0.003688
   133/299     2.46G   0.02039   0.01473  0.001804   0.03692        30       640    0.7347    0.8489    0.8378    0.5951   0.02712   0.01884  0.003516
   134/299     2.46G   0.02059   0.01466  0.001379   0.03663        23       640    0.7446    0.8374    0.8423    0.6087    0.0271   0.01913  0.003593
   135/299     2.46G   0.02019     0.015  0.001199   0.03639        32       640    0.7613    0.8485    0.8468    0.6122   0.02659   0.01866  0.003349
   136/299     2.46G   0.01982   0.01455  0.001442   0.03581        13       640    0.7628    0.8413    0.8471    0.6078   0.02652   0.01851  0.003654
   137/299     2.46G   0.01944   0.01438  0.001249   0.03506        22       640    0.7613    0.8391    0.8393    0.5977   0.02702   0.01924  0.003345
   138/299     2.46G   0.02036   0.01425  0.001179   0.03579        29       640    0.7579     0.845    0.8399    0.6122   0.02721   0.01906  0.003081
   139/299     2.46G   0.02006   0.01465  0.001144   0.03585        14       640     0.759    0.8476    0.8453    0.6161   0.02701   0.01912  0.003207
   140/299     2.46G   0.01983   0.01378  0.001178   0.03479        26       640    0.7592    0.8476    0.8459    0.6131   0.02697   0.01893  0.003289
   141/299     2.46G    0.0194   0.01401   0.00133   0.03474        56       640    0.7485     0.848    0.8453    0.6171   0.02686   0.01922  0.002971
   142/299     2.46G   0.01924   0.01388  0.001039   0.03416        18       640    0.7887    0.8415    0.8508    0.6116   0.02667    0.0193  0.003233
   143/299     2.46G   0.02001   0.01444   0.00139   0.03584        15       640    0.7439    0.8387    0.8367    0.6031   0.02707   0.01916  0.003792
   144/299     2.46G   0.01985   0.01407  0.001473    0.0354        67       640    0.7758     0.836    0.8341    0.6095   0.02646   0.01936   0.00327
   145/299     2.46G   0.01936   0.01399  0.001407   0.03476        26       640    0.7676    0.8525    0.8416    0.6069   0.02655   0.01921  0.003433
   146/299     2.46G   0.01966   0.01379  0.001241   0.03469        16       640    0.7648    0.8416    0.8511    0.6184   0.02653   0.01899    0.0035
   147/299     2.46G   0.01972   0.01403  0.001152    0.0349        43       640    0.7807    0.8496    0.8416    0.6173   0.02626   0.01917  0.003957
   148/299     2.46G     0.019   0.01378  0.001143   0.03392        14       640    0.7721    0.8314    0.8342    0.6164   0.02681   0.01947   0.00323
   149/299     2.46G   0.01914   0.01333  0.001124    0.0336        24       640    0.7797    0.8508    0.8525    0.6176   0.02646   0.01901  0.002867
   150/299     2.46G   0.01931   0.01354  0.001117   0.03398        29       640     0.771    0.8409    0.8454    0.6177   0.02652   0.01904  0.003348
   151/299     2.46G   0.01951   0.01377   0.00117   0.03445        26       640    0.7693    0.8569    0.8515    0.6162    0.0266   0.01911   0.00352
   152/299     2.46G    0.0188   0.01385 0.0009591   0.03361        30       640    0.7605    0.8594    0.8496     0.615   0.02665     0.019  0.003105
   153/299     2.46G   0.01864   0.01333 0.0009157   0.03289        20       640    0.7831    0.8567    0.8539    0.6218   0.02698   0.01919  0.003139
   154/299     2.46G   0.01878   0.01322  0.001167   0.03317        18       640    0.7945    0.8561    0.8552    0.6148   0.02683    0.0194  0.003485
   155/299     2.46G   0.01936    0.0143  0.001209   0.03487        17       640    0.7794    0.8547    0.8461    0.6199   0.02671   0.01862  0.003439
   156/299     2.46G   0.01944    0.0143  0.001298   0.03504        59       640    0.7583    0.8528     0.842    0.6173   0.02599   0.01873  0.003651
   157/299     2.46G   0.01913   0.01336  0.001116   0.03361        35       640    0.7726    0.8499    0.8409    0.6203    0.0269   0.01979  0.003774
   158/299     2.46G   0.01896    0.0134  0.001152   0.03352        17       640    0.7651    0.8591    0.8499    0.6244   0.02661   0.01935  0.003458
   159/299     2.46G   0.01913   0.01401  0.001179   0.03432        21       640    0.7935    0.8544    0.8597    0.6216   0.02676    0.0192  0.003462
   160/299     2.46G   0.01902   0.01362  0.001195   0.03384        39       640     0.776     0.858    0.8576    0.6188   0.02637   0.01922  0.003774
   161/299     2.46G   0.01891   0.01382  0.001291   0.03402        19       640    0.7841    0.8499    0.8429    0.6139   0.02704   0.01932  0.003654
   162/299     2.46G   0.01851   0.01332  0.001228   0.03305        30       640    0.7896     0.854    0.8537    0.6236   0.02661    0.0191  0.002563
   163/299     2.46G   0.01895   0.01434  0.001079   0.03436        52       640     0.787    0.8486    0.8543    0.6283   0.02689   0.01933  0.002783
   164/299     2.46G   0.01849   0.01344  0.001055   0.03298        23       640    0.7867    0.8569    0.8526    0.6359   0.02666   0.01931  0.003432
   165/299     2.46G   0.01867    0.0133  0.001152   0.03312        35       640    0.7753    0.8537    0.8426    0.6293   0.02631   0.01994  0.003247
   166/299     2.46G   0.01892   0.01391  0.001016   0.03385        33       640    0.7563    0.8506     0.843    0.6158   0.02672   0.01939  0.003138
   167/299     2.46G   0.01819   0.01383  0.001014   0.03303        17       640    0.7859    0.8371     0.845    0.6221   0.02652   0.01922  0.003427
   168/299     2.46G   0.01793   0.01338  0.000977   0.03228        20       640    0.7988    0.8524    0.8551    0.6307   0.02655   0.01886  0.003157
   169/299     2.46G   0.01848   0.01315 0.0008197   0.03246        74       640    0.7674    0.8449    0.8441    0.6221   0.02633   0.01925  0.003122
   170/299     2.46G   0.01845   0.01342  0.001091   0.03297        19       640    0.7734     0.855    0.8512    0.6242   0.02622   0.01925  0.003316
   171/299     2.46G   0.01857   0.01321  0.001071   0.03286        14       640    0.7821    0.8447    0.8455    0.6222   0.02636   0.01963  0.003528
   172/299     2.46G   0.01815   0.01302  0.001036   0.03221        24       640    0.7769    0.8455    0.8422    0.6181   0.02647   0.02012  0.003365
   173/299     2.46G   0.01844   0.01292 0.0009515   0.03231        21       640    0.7876    0.8497    0.8486    0.6279   0.02679   0.01987  0.003264
   174/299     2.46G   0.01743   0.01265 0.0009633   0.03104        24       640    0.8032    0.8522    0.8554    0.6321   0.02658   0.01951  0.003427
   175/299     2.46G   0.01808   0.01332  0.001021   0.03242        23       640    0.7961    0.8534    0.8584    0.6346   0.02664   0.01964  0.003372
   176/299     2.46G   0.01772   0.01273  0.000927   0.03138        21       640    0.7892    0.8563    0.8603    0.6276   0.02642   0.01971  0.003404
   177/299     2.46G   0.01753   0.01272  0.000915   0.03117        29       640    0.7872    0.8553    0.8476    0.6284   0.02684   0.01984  0.003134
   178/299     2.46G   0.01779   0.01323   0.00101   0.03203        34       640    0.7888    0.8517    0.8471    0.6209   0.02668   0.01981  0.003638
