     0/199     2.46G    0.1177   0.03148   0.05672    0.2059         6       640         0         0   0.00206  0.000206   0.09456   0.02462   0.04576
     1/199     2.53G    0.1086   0.02761    0.0558    0.1921         3       640         0         0  0.003097 0.0003554   0.09337   0.02393   0.04478
     2/199     2.53G    0.1009   0.02606    0.0498    0.1768         1       640         0         0  0.003198 0.0005534    0.0914   0.02353   0.04362
     3/199     2.53G    0.1129   0.02646   0.05504    0.1944         1       640         0         0   0.00234 0.0004964   0.08918    0.0232   0.04239
     4/199     2.53G    0.1129   0.02763   0.05323    0.1938         2       640         0         0  0.003002 0.0005471    0.0871   0.02281   0.04082
     5/199     2.53G    0.1165   0.02977   0.05314    0.1994         6       640         0         0  0.005596  0.001376   0.08382   0.02257   0.03862
     6/199     2.53G    0.0988   0.02682   0.04499    0.1706         1       640         0         0  0.007759  0.001734   0.07912   0.02259   0.03707
     7/199     2.53G   0.09716   0.02733    0.0437    0.1682         2       640         0         0   0.01493  0.003004   0.07344   0.02274   0.03553
     8/199     2.53G   0.09686   0.03062   0.04841    0.1759         4       640         0         0   0.02563  0.004819   0.06833   0.02288   0.03433
     9/199     2.53G     0.096   0.03037   0.04434    0.1707         5       640         0         0   0.02377  0.005999   0.06303    0.0229   0.03251
    10/199     2.53G   0.08464    0.0268   0.04016    0.1516         1       640         0         0   0.03497  0.007237   0.05912   0.02296   0.03081
    11/199     2.53G   0.08026    0.0293   0.04074    0.1503         1       640         0         0   0.06799   0.01519   0.05683   0.02291   0.02919
    12/199     2.53G   0.08813   0.02938   0.03811    0.1556         1       640         0         0   0.06895   0.01838   0.05543   0.02282   0.02814
    13/199     2.53G   0.08452   0.02876     0.038    0.1513         1       640         0         0   0.07798   0.02533   0.05425   0.02265   0.02662
    14/199     2.53G   0.07867   0.03312   0.03543    0.1472         4       640         0         0   0.09869   0.02588   0.05313   0.02254   0.02477
    15/199     2.53G    0.0693    0.0262   0.03024    0.1257         1       640         0         0    0.1207   0.02683   0.05015   0.02268   0.02291
    16/199     2.53G   0.06269   0.03218   0.02687    0.1217         2       640         0         0    0.1329   0.03246   0.04819   0.02254   0.02132
    17/199     2.53G   0.08005   0.02946   0.03136    0.1409         2       640         0         0    0.1558   0.04126   0.04729   0.02223   0.01968
    18/199     2.53G   0.07191   0.02394   0.02497    0.1208         1       640         1   0.05023      0.22   0.05841   0.04625   0.02186   0.01806
    19/199     2.53G   0.06676   0.02876   0.02408    0.1196         2       640    0.7327    0.0625     0.242   0.07713   0.04536   0.02159   0.01646
    20/199     2.53G     0.067   0.02747   0.02163    0.1161         1       640    0.6568    0.1042    0.2879   0.08603   0.04522   0.02118    0.0149
    21/199     2.53G   0.06924   0.02922   0.02412    0.1226         2       640    0.6356    0.1042    0.3012   0.08575   0.04324   0.02095   0.01344
    22/199     2.53G   0.06251   0.02538   0.01756    0.1054         1       640    0.5242     0.161     0.348    0.1172   0.04126   0.02056   0.01194
    23/199     2.53G   0.06867   0.03403   0.01792    0.1206         3       640    0.4142      0.25    0.3892    0.1426   0.04133   0.01991   0.01052
    24/199     2.53G   0.05991   0.02872   0.01615    0.1048         3       640    0.3764    0.5208    0.4194     0.153   0.04044   0.01955  0.009337
    25/199     2.53G     0.067   0.02697   0.01479    0.1088         2       640    0.2968    0.6458    0.4494    0.1615   0.03814   0.01923  0.008272
    26/199     2.53G   0.04889   0.02344   0.01168   0.08402         1       640    0.2213    0.7292    0.4624    0.1682   0.03792   0.01873  0.007401
    27/199     2.53G   0.06111   0.02506   0.01192   0.09808         1       640    0.1874    0.8333    0.4445    0.1609   0.03922   0.01829  0.006653
    28/199     2.53G   0.05795   0.02531   0.01288   0.09614         1       640     0.175    0.8333    0.5453    0.2021   0.03817   0.01798  0.006035
    29/199     2.53G   0.06162   0.02347    0.0102   0.09528         1       640    0.1289    0.8958    0.5065    0.1997   0.03663   0.01775  0.005523
    30/199     2.53G   0.06098    0.0234   0.01113   0.09551         2       640    0.1328     0.909    0.5912    0.2713   0.03274   0.01787  0.005085
    31/199     2.53G   0.05978   0.02098  0.009195   0.08995         1       640    0.1199    0.9583    0.5539    0.2277   0.03419   0.01739  0.004686
    32/199     2.53G   0.05401   0.02711  0.008709   0.08983         4       640    0.1072    0.9583    0.5605    0.2201   0.03489   0.01705    0.0043
    33/199     2.53G   0.05142   0.02327  0.007474   0.08216         2       640    0.1235    0.9375    0.5598    0.2255   0.03135   0.01679  0.003952
    34/199     2.53G   0.05217   0.02666  0.006869    0.0857         3       640    0.1289    0.9167    0.5353    0.1624   0.03363   0.01637  0.003622
    35/199     2.53G   0.04664   0.02248  0.006034   0.07515         0       640    0.1444    0.9375    0.6802    0.2533   0.03127   0.01606  0.003299
    36/199     2.53G   0.05738   0.02579  0.006707   0.08988         3       640   0.09998    0.9583    0.3274   0.05738   0.03808   0.01591  0.003099
    37/199     2.53G   0.05415   0.02566  0.006241   0.08604         3       640   0.06885    0.9167    0.1769   0.03177   0.04767   0.01545  0.002985
    38/199     2.53G   0.05233   0.01788  0.004461   0.07467         0       640    0.1089    0.9375    0.2096   0.05115   0.04599   0.01466  0.002907
    39/199     2.53G   0.05537   0.01861  0.005142   0.07912         1       640   0.09841    0.9792    0.2684    0.0694   0.04486   0.01412    0.0028
    40/199     2.53G   0.05876   0.02449  0.005445    0.0887         4       640    0.1408    0.9583    0.4726    0.1593   0.03679   0.01401  0.002719
    41/199     2.53G   0.05344   0.02092  0.004684   0.07904         2       640    0.1328    0.9375    0.4512    0.1279   0.04055   0.01342  0.002678
    42/199     2.53G   0.05043   0.02529  0.005225   0.08094         6       640    0.2037    0.9375    0.5243    0.1789   0.03483   0.01382  0.002611
    43/199     2.53G   0.05298    0.0195   0.00465   0.07712         2       640    0.1883    0.9375    0.3254    0.0761   0.04998   0.01257  0.002489
    44/199     2.53G   0.06414   0.01984  0.005168   0.08915         2       640    0.1819    0.9375     0.379   0.08852    0.0504   0.01238    0.0024
    45/199     2.53G   0.06227   0.02686  0.005026   0.09416         5       640    0.2333    0.9583    0.6205    0.2926   0.03919   0.01313  0.002367
    46/199     2.53G   0.04611   0.02048  0.003618   0.07021         1       640     0.246    0.9792    0.6436    0.2318    0.0393   0.01277    0.0023
    47/199     2.53G   0.04892   0.02176  0.004595   0.07527         2       640    0.2129    0.9583    0.6459    0.2872   0.03901   0.01273  0.002209
    48/199     2.53G   0.05225   0.01963   0.00357   0.07545         2       640    0.2491    0.9792    0.5901    0.2459   0.04699   0.01168  0.002155
    49/199     2.53G   0.04914   0.01885  0.002903    0.0709         0       640    0.1929    0.9792    0.6318    0.2119   0.04616   0.01157  0.002144
    50/199     2.53G   0.05619   0.01841  0.003824   0.07843         1       640    0.1683    0.9792    0.6635    0.1963   0.04497   0.01154  0.002054
    51/199     2.53G   0.05144   0.01665  0.003215    0.0713         1       640    0.1692    0.9375    0.4731    0.1072   0.04483   0.01142   0.00205
    52/199     2.53G   0.05318   0.02096  0.003101   0.07724         5       640    0.1933    0.9792    0.7523    0.1911   0.04172   0.01173  0.002052
    53/199     2.53G   0.06887   0.01986  0.004066    0.0928         3       640    0.2574         1    0.7925    0.3692     0.039   0.01178  0.002062
    54/199     2.53G   0.05318   0.01907  0.004216   0.07647         4       640    0.2594         1    0.7583    0.3332    0.0416   0.01124  0.002075
    55/199     2.53G    0.0488   0.01831  0.003237   0.07034         1       640    0.1972    0.9792    0.7595    0.3623   0.04506   0.01079  0.002061
    56/199     2.53G   0.05494   0.01784  0.003656   0.07644         1       640    0.2115         1    0.6817    0.2077   0.04399   0.01066  0.001982
    57/199     2.53G   0.05745   0.01946  0.004542   0.08145         2       640    0.2978    0.9792    0.9055    0.4124   0.03825   0.01125   0.00194
    58/199     2.53G   0.05329   0.02013    0.0033   0.07673         2       640    0.2128         1     0.779    0.3006   0.04343   0.01077   0.00191
    59/199     2.53G   0.05845   0.01999  0.003434   0.08187         3       640    0.2534         1    0.8022    0.3387   0.03708   0.01104  0.001912
    60/199     2.53G   0.05688   0.02036  0.003007   0.08025         2       640    0.1998         1    0.6537    0.2069   0.04457   0.01051  0.001885
    61/199     2.53G    0.0619   0.02106  0.003733   0.08669         4       640    0.3637    0.9583    0.9013    0.2743   0.04302   0.01071  0.001941
    62/199     2.53G   0.04853   0.01829    0.0028   0.06962         1       640    0.2462    0.9792    0.6004    0.2191    0.0416   0.01045  0.001893
    63/199     2.53G   0.05273   0.02276    0.0029   0.07839         4       640     0.289    0.9792    0.7835    0.3584   0.03812   0.01063  0.001915
    64/199     2.53G   0.04864   0.01831  0.003088   0.07003         2       640    0.1971         1    0.6839    0.3028   0.03745   0.01045  0.001896
    65/199     2.53G   0.05757   0.01801  0.003653   0.07922         3       640    0.1727    0.9792    0.4396    0.1321   0.04108   0.01022  0.001923
    66/199     2.53G   0.04093   0.01876  0.002273   0.06196         0       640    0.1441    0.9792    0.3677    0.1167   0.04801  0.009812  0.001895
    67/199     2.53G   0.06233   0.01821  0.003237   0.08378         4       640    0.1919    0.9792     0.444    0.1355   0.04566  0.009978  0.001996
    68/199     2.53G   0.05369   0.01861  0.002918   0.07521         4       640    0.1866         1    0.5419    0.2181   0.04822   0.00975  0.002081
    69/199     2.53G   0.05781   0.01578  0.002857   0.07645         1       640    0.1905         1    0.5371    0.2055   0.04958  0.009603  0.002094
    70/199     2.53G   0.05759   0.01691  0.003057   0.07756         3       640    0.2549    0.9792    0.6132    0.2225   0.04498   0.00977   0.00215
    71/199     2.53G   0.05983   0.02116  0.003843   0.08484         2       640    0.2622    0.9583    0.5872     0.214   0.04359  0.009693  0.002139
    72/199     2.53G   0.05509   0.02152  0.003583    0.0802         5       640    0.3109    0.9792    0.8096    0.2577   0.04223  0.009501  0.002096
    73/199     2.53G   0.06011   0.01875  0.003678   0.08254         3       640    0.2587    0.9792      0.65    0.3247   0.03678  0.009683  0.002068
    74/199     2.53G   0.05299   0.01606  0.003516   0.07256         1       640    0.2769    0.9792    0.6412    0.2542   0.03978  0.009396  0.002016
    75/199     2.53G   0.04648   0.01702  0.002454   0.06595         0       640    0.2547    0.9792    0.5897    0.1636   0.04082  0.009276  0.002032
    76/199     2.53G   0.06155   0.01669  0.002911   0.08115         2       640    0.2612    0.9792    0.7557    0.1555   0.03623   0.00921  0.001989
    77/199     2.53G   0.05728   0.01609  0.002859   0.07623         1       640    0.2724    0.9792    0.6778     0.153   0.03884  0.009146  0.001929
    78/199     2.53G    0.0485   0.01861  0.003004   0.07011         2       640    0.2122    0.9792    0.7135    0.2721   0.04276  0.008722  0.001909
    79/199     2.53G   0.05371   0.01599  0.002934   0.07263         2       640    0.2866    0.9792    0.7377    0.3728   0.03146  0.009134  0.001934
    80/199     2.53G   0.04294   0.01517  0.002798   0.06091         1       640    0.2682    0.9792    0.7195    0.3755   0.04154  0.008753  0.001933
    81/199     2.53G   0.05244   0.02043  0.003111   0.07598         6       640    0.3221    0.9792    0.7599    0.4767   0.03397  0.008986   0.00194
    82/199     2.53G   0.05131   0.01571  0.003346   0.07036         2       640    0.2867         1    0.8326    0.5118   0.03858  0.008674  0.001925
    83/199     2.53G   0.05157   0.01656  0.002917   0.07105         1       640    0.3403         1    0.8542     0.526   0.03277  0.008954  0.001968
    84/199     2.53G   0.04208    0.0169  0.002816   0.06179         2       640    0.4988         1     0.971    0.6461   0.02634  0.009086  0.001956
    85/199     2.53G   0.04134    0.0151  0.003019   0.05945         1       640    0.2469         1    0.7128    0.3844   0.03702  0.008728   0.00175
    86/199     2.53G   0.05293   0.01866  0.003035   0.07463         4       640    0.2056         1    0.5601    0.1238   0.04095  0.008712  0.001671
    87/199     2.53G   0.05696   0.01722  0.002771   0.07695         3       640    0.2305         1    0.5135    0.1044   0.04077  0.008435  0.001722
    88/199     2.53G   0.05217   0.01712  0.002748   0.07204         2       640    0.3021         1    0.6799    0.2398    0.0355  0.008477  0.001789
    89/199     2.53G   0.04407   0.01703  0.002919   0.06402         2       640    0.4544         1     0.843    0.5548   0.02911  0.009011  0.001869
    90/199     2.53G   0.04442   0.01586  0.003016    0.0633         2       640    0.2487         1    0.5835    0.2679   0.04045  0.008348  0.001853
    91/199     2.53G   0.05179   0.01688  0.003097   0.07176         2       640    0.4019         1    0.7761    0.4072   0.03513  0.008475  0.001976
    92/199     2.53G   0.05151   0.01427   0.00265   0.06843         1       640     0.297         1    0.7519    0.4288   0.03493  0.008373  0.002041
    93/199     2.53G   0.04619   0.01461  0.003127   0.06393         1       640    0.4642         1    0.9589    0.6256   0.02589  0.008713  0.002134
    94/199     2.53G   0.03575   0.01733  0.002813   0.05589         2       640    0.5348         1    0.9472    0.6021   0.02352  0.008734  0.002144
    95/199     2.53G   0.03804   0.01719  0.004106   0.05934         1       640    0.3092         1    0.8888    0.4643   0.02936  0.008455  0.002025
    96/199     2.53G   0.04238   0.01733  0.004106   0.06381         1       640    0.2289         1     0.746    0.2215   0.03898   0.00823  0.001954
    97/199     2.53G   0.05737   0.01429  0.002713   0.07437         3       640    0.2777         1    0.7849    0.2413   0.03715  0.008134  0.001978
    98/199     2.53G   0.05179   0.01804  0.003194   0.07303         4       640    0.3611         1    0.7842    0.3102   0.03539  0.008047  0.002014
    99/199     2.53G   0.04057   0.01763  0.002719   0.06092         3       640    0.3959         1    0.8495    0.5613   0.03013  0.008052  0.002032
   100/199     2.53G   0.04119    0.0196  0.002669   0.06346         4       640    0.4027         1    0.9075    0.5384   0.02897  0.008083  0.001918
   101/199     2.53G   0.04724   0.01276  0.002483   0.06249         2       640    0.3817         1    0.9122    0.2804   0.03952  0.007812  0.001847
   102/199     2.53G   0.04802   0.01821   0.00257    0.0688         4       640    0.4018         1    0.9308    0.5424   0.03216  0.007851  0.001861
   103/199     2.53G   0.04134   0.01501  0.002594   0.05894         2       640    0.4752         1    0.9463    0.6053   0.02867  0.007804  0.001857
   104/199     2.53G   0.04109   0.01678  0.002553   0.06043         2       640    0.5529         1    0.9749    0.6485   0.02699  0.007744  0.001837
   105/199     2.53G   0.04204   0.01201  0.002557   0.05661         1       640    0.3952         1    0.8178    0.4212   0.03118   0.00778  0.001717
   106/199     2.53G   0.04742   0.01616  0.002419     0.066         3       640    0.2411         1    0.6191    0.1824   0.04493  0.007575  0.001738
   107/199     2.53G   0.06181   0.01301   0.00228    0.0771         5       640    0.2411         1    0.6191    0.1824   0.04493  0.007575  0.001738
   108/199     2.53G   0.06698   0.01196  0.002302   0.08125         2       640    0.2334         1    0.5854    0.1436     0.052  0.007338  0.001786
   109/199     2.53G   0.07037   0.01344  0.002524   0.08633         1       640    0.2443         1      0.52    0.1798   0.05247  0.007099  0.001846
   110/199     2.53G   0.07605   0.01419  0.002456   0.09269         3       640    0.2588         1    0.6104    0.2347   0.04985  0.006943  0.001927
   111/199     2.53G   0.05584   0.01187  0.002756   0.07046         1       640     0.277         1    0.6888    0.2636   0.04868   0.00689  0.002002
   112/199     2.53G   0.06715   0.01229   0.00247   0.08191         2       640    0.2874         1    0.7228     0.261   0.04886  0.006856  0.002087
   113/199     2.53G   0.06406   0.01508  0.002879   0.08202         4       640    0.2893         1    0.7384    0.2415   0.04875  0.006856  0.002163
   114/199     2.53G   0.06255   0.01418  0.002559   0.07929         4       640    0.3049         1     0.802    0.2789   0.04806  0.006893  0.002231
   115/199     2.53G   0.07304   0.01368  0.002792   0.08951         3       640    0.3141         1    0.8238    0.3189   0.04672  0.006967  0.002286
   116/199     2.53G   0.06522   0.01618  0.003489   0.08489         3       640    0.3451         1    0.8185    0.3718   0.04438  0.007085  0.002325
   117/199     2.53G   0.05582   0.01685  0.003077   0.07574         4       640    0.3639         1    0.8687    0.4586     0.041  0.007185  0.002339
   118/199     2.53G   0.06267   0.01419  0.002732   0.07958         2       640    0.3575         1    0.8738    0.4923   0.04036  0.007064  0.002334
   119/199     2.53G   0.06441   0.01513  0.002978   0.08251         2       640    0.3529         1    0.8857    0.5003   0.04095  0.006842  0.002279
   120/199     2.53G   0.05901   0.01613  0.002929   0.07807         2       640     0.351         1    0.9008    0.5333   0.04082  0.006733  0.002245
   121/199     2.53G   0.05743   0.01202  0.002658    0.0721         1       640    0.3607         1    0.9059    0.5468   0.04003  0.006683  0.002206
   122/199     2.53G    0.0584   0.01485  0.002709   0.07595         4       640    0.3654         1    0.9091    0.5426   0.03893  0.006642  0.002163
   123/199     2.53G    0.0549   0.01147  0.002886   0.06925         2       640     0.359         1    0.9418    0.5747   0.03918   0.00662  0.002104
   124/199     2.53G   0.05145   0.01295  0.002689   0.06709         1       640    0.3567         1    0.9533    0.6361   0.03858  0.006598  0.002036
   125/199     2.53G   0.05297   0.01649  0.002288   0.07175         2       640    0.3646         1    0.9619    0.6963   0.03782  0.006591  0.001992
   126/199     2.53G   0.05995   0.01122  0.002768   0.07393         1       640    0.3577         1    0.9632    0.6808   0.03801  0.006562  0.001944
   127/199     2.53G   0.05072   0.01146  0.002611   0.06479         1       640    0.3381         1    0.9577    0.7018   0.03727  0.006592  0.001893
   128/199     2.53G   0.05482   0.01491  0.002466    0.0722         4       640    0.3447         1    0.9641    0.6984   0.03645  0.006573  0.001844
   129/199     2.53G    0.0514    0.0117  0.002463   0.06556         1       640    0.3454         1    0.9648    0.7057   0.03562  0.006535  0.001801
   130/199     2.53G    0.0534    0.0145  0.002655   0.07056         1       640    0.3369         1    0.9648    0.7372   0.03487  0.006536  0.001752
   131/199     2.53G   0.05044   0.01222  0.002135   0.06479         1       640    0.3155         1    0.9793    0.5746   0.03657   0.00661  0.001649
   132/199     2.53G    0.0551   0.01208  0.002959   0.07014         1       640    0.3155         1    0.9793    0.5746   0.03657   0.00661  0.001649
   133/199     2.53G   0.05569   0.01686  0.002137   0.07469         7       640    0.2975         1    0.9799    0.5744   0.03596  0.006651  0.001592
   134/199     2.53G   0.04212   0.01294  0.002162   0.05722         3       640    0.2989         1    0.9865    0.6629   0.03537  0.006644  0.001579
   135/199     2.53G    0.0503   0.01426  0.002128   0.06669         1       640    0.2949         1    0.9534    0.4443   0.03846  0.006797  0.001594
   136/199     2.53G   0.05218   0.01284  0.002009   0.06703         1       640    0.3015         1    0.9322    0.4028   0.04015  0.007022  0.001649
   137/199     2.53G   0.04726   0.01124  0.001912   0.06041         1       640    0.3871         1    0.9376    0.5042   0.02935    0.0075  0.001807
   138/199     2.53G   0.05181   0.01862  0.002433   0.07287         4       640    0.3329         1    0.7947    0.2564   0.03669  0.007629   0.00177
   139/199     2.53G   0.04825   0.01369  0.002008   0.06395         3       640    0.3329         1    0.7947    0.2564   0.03669  0.007629   0.00177
   140/199     2.53G   0.05514   0.01226  0.002142   0.06955         1       640     0.302         1    0.6774    0.2204   0.04043  0.007484  0.001795
   141/199     2.53G   0.05438   0.01288  0.002416   0.06968         1       640     0.342         1    0.7808    0.4075   0.03317   0.00761  0.001881
   142/199     2.53G   0.05329   0.01401  0.002378   0.06967         3       640    0.3836         1    0.8082     0.386   0.03234  0.007852  0.001996
   143/199     2.53G   0.04685   0.01509  0.002453    0.0644         1       640    0.4751         1    0.9277    0.4825    0.0276  0.007881  0.002061
   144/199     2.53G   0.04955   0.01575  0.002611   0.06791         2       640    0.5025         1    0.9757    0.5714   0.02594  0.007633  0.001976
   145/199     2.53G   0.04016   0.01701  0.002858   0.06004         2       640    0.5202         1    0.9874    0.5634   0.02494  0.007378  0.001875
   146/199     2.53G   0.04128   0.01856  0.004545   0.06439         1       640    0.5202         1    0.9874    0.5634   0.02494  0.007378  0.001875
   147/199     2.53G   0.03944   0.01421  0.002247    0.0559         1       640    0.4664         1    0.9195      0.49   0.02645  0.007288  0.001806
   148/199     2.53G   0.04451   0.01415  0.002236    0.0609         1       640    0.4404         1    0.9109     0.527   0.02434  0.007238  0.001756
   149/199     2.53G   0.04039   0.01547  0.002305   0.05816         5       640    0.4868         1    0.9885    0.6417   0.02361  0.007158   0.00169
   150/199     2.53G   0.03265   0.01303  0.001829   0.04751         0       640    0.4414         1    0.9627    0.4741   0.02677  0.007188  0.001615
   151/199     2.53G    0.0405   0.01381   0.00186   0.05618         2       640    0.3055         1    0.8562    0.3983   0.03488  0.007099  0.001542
   152/199     2.53G    0.0538   0.01583   0.00236   0.07199         2       640    0.5357         1    0.9557    0.6525   0.02785  0.006607  0.001616
   153/199     2.53G   0.04596   0.01255  0.002159   0.06067         1       640    0.5357         1    0.9557    0.6525   0.02785  0.006607  0.001616
   154/199     2.53G   0.04171   0.01368  0.002104    0.0575         1       640    0.4804         1    0.9406    0.6858   0.03001  0.006537  0.001643
   155/199     2.53G   0.04948   0.01366   0.00253   0.06567         2       640    0.4804         1    0.9406    0.6858   0.03001  0.006537  0.001643
   156/199     2.53G   0.05229   0.01251  0.002189   0.06699         2       640    0.4739         1    0.9391    0.6954   0.03034  0.006529   0.00167
   157/199     2.53G   0.03674   0.01223  0.001912   0.05088         1       640    0.6207         1    0.9835    0.7734   0.02557  0.006489  0.001651
   158/199     2.53G   0.04538   0.01626  0.002212   0.06385         2       640    0.6579         1    0.9838    0.6472   0.02262  0.006502  0.001594
   159/199     2.53G   0.03679   0.01146  0.002035   0.05029         1       640    0.6579         1    0.9838    0.6472   0.02262  0.006502  0.001594
   160/199     2.53G   0.04252   0.01224  0.002024   0.05679         1       640    0.5916         1    0.9855    0.6372   0.02317  0.006383  0.001544
   161/199     2.53G   0.03929   0.01805  0.002143   0.05948         5       640    0.5974         1    0.9689    0.6036   0.02194  0.006223   0.00145
   162/199     2.53G   0.04033   0.01224  0.001856   0.05442         1       640    0.3108         1    0.7679     0.387   0.03392  0.006548  0.001434
   163/199     2.53G   0.05249   0.01646  0.001991   0.07094         4       640    0.3108         1    0.7679     0.387   0.03392  0.006548  0.001434
   164/199     2.53G   0.04252   0.01086  0.001772   0.05515         2       640    0.2554         1    0.5678    0.2753   0.03907  0.006712  0.001418
   165/199     2.53G   0.05178   0.01509  0.001981   0.06885         3       640    0.3469         1    0.7282    0.4732   0.03012   0.00648  0.001437
   166/199     2.53G   0.04517    0.0159  0.002246   0.06332         4       640    0.4239         1    0.8042    0.4162   0.02802  0.006391  0.001454
   167/199     2.53G   0.04914   0.01394  0.002097   0.06518         5       640    0.4239         1    0.8042    0.4162   0.02802  0.006391  0.001454
   168/199     2.53G   0.05625   0.01126  0.002109   0.06962         3       640    0.3863         1    0.7493    0.3822   0.03053  0.006444   0.00147
   169/199     2.53G   0.04098   0.01234  0.001593   0.05491         0       640    0.5349         1     0.943    0.6701   0.02464  0.006193  0.001526
   170/199     2.53G   0.05335   0.01355  0.002066   0.06897         4       640    0.5567         1    0.8685     0.379   0.02672  0.006236  0.001566
   171/199     2.53G   0.04572   0.01104  0.002216   0.05897         1       640    0.5567         1    0.8685     0.379   0.02672  0.006236  0.001566
   172/199     2.53G   0.03578   0.01127  0.001951     0.049         1       640    0.4241         1    0.7453    0.3536   0.03055  0.006316  0.001621
   173/199     2.53G   0.04298   0.01443  0.002306   0.05971         1       640    0.4732         1    0.7953    0.4007   0.02889  0.006282  0.001677
   174/199     2.53G   0.04527   0.01609  0.002586   0.06395         3       640    0.5766         1    0.9086    0.4606   0.02598  0.006289  0.001718
   175/199     2.53G   0.04371   0.01598  0.002429   0.06211         4       640    0.5766         1    0.9086    0.4606   0.02598  0.006289  0.001718
   176/199     2.53G    0.0411   0.01471  0.002306   0.05811         4       640    0.4892         1    0.8897    0.4369   0.02686  0.006355  0.001757
   177/199     2.53G   0.03399   0.01247   0.00206   0.04852         1       640    0.7436         1     0.991    0.6884   0.02134  0.006236  0.001767
   178/199     2.53G   0.03771   0.01365  0.002197   0.05356         1       640    0.6455         1    0.9608    0.4907   0.02434  0.006192  0.001722
   179/199     2.53G   0.03749   0.01571  0.002298   0.05549         4       640    0.6455         1    0.9608    0.4907   0.02434  0.006192  0.001722
   180/199     2.53G   0.04085   0.01324  0.002294   0.05638         3       640    0.4654         1    0.7786    0.2749   0.02919  0.006311  0.001705
   181/199     2.53G   0.05232   0.01133  0.002225   0.06587         2       640    0.5615         1    0.8714    0.4298   0.02311  0.006167  0.001728
   182/199     2.53G   0.03475   0.01213  0.002684   0.04956         1       640    0.6574         1    0.9928    0.6844   0.02128  0.006014  0.001693
   183/199     2.53G   0.03315    0.0156  0.002198   0.05095         3       640    0.6574         1    0.9928    0.6844   0.02128  0.006014  0.001693
   184/199     2.53G    0.0354   0.01115  0.001987   0.04853         1       640    0.4956         1    0.9711     0.581   0.02421  0.006212  0.001685
   185/199     2.53G   0.03684   0.01582  0.002134    0.0548         3       640    0.5648         1    0.9893    0.6796   0.02184  0.006107   0.00167
   186/199     2.53G   0.02683   0.01191  0.001825   0.04057         1       640     0.527         1    0.8957    0.4138   0.02347  0.006009   0.00161
   187/199     2.53G   0.03628   0.01031  0.001769   0.04836         1       640     0.527         1    0.8957    0.4138   0.02347  0.006009   0.00161
   188/199     2.53G   0.03408  0.009797  0.001882   0.04576         1       640    0.4623         1    0.6957    0.3695   0.02879  0.006206  0.001567
   189/199     2.53G    0.0429   0.01326  0.002034    0.0582         1       640    0.5245         1    0.7902    0.4403   0.02555  0.006005  0.001566
   190/199     2.53G   0.03612   0.01292  0.001956     0.051         2       640    0.6027         1    0.9292    0.5246   0.02385   0.00616  0.001531
   191/199     2.53G   0.04147    0.0168  0.002037   0.06031         4       640    0.6027         1    0.9292    0.5246   0.02385   0.00616  0.001531
   192/199     2.53G   0.03909   0.01456  0.001929   0.05558         5       640    0.5787         1    0.9201    0.5446   0.02487  0.006256  0.001504
   193/199     2.53G   0.02896    0.0116  0.001775   0.04233         2       640    0.7756         1    0.9951    0.7501   0.01972  0.005872  0.001493
   194/199     2.53G   0.03261   0.01414  0.001986   0.04874         2       640    0.7314         1    0.9887     0.668   0.02176  0.005874  0.001459
   195/199     2.53G   0.03264   0.01357  0.001793     0.048         3       640    0.7314         1    0.9887     0.668   0.02176  0.005874  0.001459
   196/199     2.53G   0.04106   0.01204  0.001736   0.05484         2       640     0.581         1    0.9521      0.62   0.02442  0.005934  0.001435
   197/199     2.53G   0.03468   0.01565  0.001849   0.05217         3       640    0.6408         1    0.9784    0.7653   0.01982  0.005706  0.001418
   198/199     2.53G   0.03465   0.01069  0.001822   0.04716         1       640    0.7528         1    0.9951    0.6711   0.01879   0.00567  0.001396
   199/199     2.53G   0.02883   0.01289  0.001626   0.04334         3       640    0.7528         1    0.9951    0.6711   0.01879   0.00567  0.001396
