     0/199     2.46G    0.1258   0.03229   0.06253    0.2206         6       640         0         0  0.002147 0.0002647   0.09328    0.0258    0.0446
     1/199     2.53G    0.1174   0.02863   0.05979    0.2058         3       640         0         0  0.003528 0.0004014   0.09211   0.02523   0.04385
     2/199     2.53G    0.1254   0.02812   0.05996    0.2135         2       640         0         0  0.004004 0.0007753   0.09027   0.02481   0.04261
     3/199     2.53G    0.1131   0.02649   0.05412    0.1937         1       640         0         0  0.002404 0.0005771   0.08842   0.02441   0.04164
     4/199     2.53G    0.1131   0.02945   0.05182    0.1944         2       640         0         0  0.004383 0.0007607    0.0865   0.02401   0.04045
     5/199     2.53G    0.1153   0.03227   0.05449    0.2021         6       640         0         0  0.006277  0.001602   0.08355   0.02386   0.03889
     6/199     2.53G   0.09985   0.02985   0.04718    0.1769         1       640         0         0  0.007148  0.001828   0.08052   0.02378   0.03758
     7/199     2.53G   0.09566   0.02959   0.04374     0.169         2       640         0         0   0.01953  0.004903   0.07673   0.02382   0.03623
     8/199     2.53G    0.0947   0.03398   0.04612    0.1748         4       640         0         0   0.02172  0.006797   0.07282   0.02389   0.03469
     9/199     2.53G   0.09297   0.03199   0.04412    0.1691         5       640         0         0   0.03877   0.01035   0.06879   0.02397   0.03309
    10/199     2.53G   0.08521   0.02907   0.03911    0.1534         1       640         0         0   0.03956  0.009353   0.06532   0.02409   0.03168
    11/199     2.53G     0.087   0.03241    0.0418    0.1612         2       640         0         0   0.04992   0.01088   0.06231   0.02408   0.03037
    12/199     2.53G   0.08772   0.03159   0.03935    0.1586         2       640         0         0   0.04062  0.008893    0.0599    0.0241   0.02941
    13/199     2.53G   0.08707   0.03376   0.03815     0.159         1       640         0         0   0.05043   0.01099   0.05806   0.02404   0.02804
    14/199     2.53G   0.08034   0.03423   0.03529    0.1499         4       640         0         0   0.06788    0.0146   0.05578   0.02405   0.02613
    15/199     2.53G   0.06797   0.02661    0.0298    0.1244         1       640         1   0.01786    0.1047   0.01956   0.05283   0.02399   0.02433
    16/199     2.53G   0.07618   0.03595   0.03077    0.1429         4       640    0.7712   0.01786     0.149   0.02745   0.05003   0.02391   0.02257
    17/199     2.53G   0.07986   0.03389   0.03005    0.1438         2       640     0.638   0.01786    0.1727   0.03209   0.04885   0.02378   0.02085
    18/199     2.53G   0.07771   0.02523   0.02713    0.1301         1       640    0.4847   0.01786    0.1962   0.04237   0.04829   0.02357   0.01966
    19/199     2.53G   0.06983   0.03301    0.0251    0.1279         2       640    0.3497   0.01786    0.2289   0.05603   0.04719    0.0234   0.01786
    20/199     2.53G   0.06623    0.0275   0.02184    0.1156         1       640    0.4971   0.05357    0.2592   0.05644   0.04703   0.02307   0.01617
    21/199     2.53G   0.07075   0.03348   0.02407    0.1283         3       640    0.3963   0.08929    0.2871   0.06781   0.04591   0.02266   0.01468
    22/199     2.53G   0.06572   0.02689   0.01851    0.1111         1       640     0.526    0.1786    0.3496   0.09239   0.04487   0.02219    0.0132
    23/199     2.53G   0.06554    0.0374   0.01856    0.1215         3       640    0.5315    0.3445    0.4102    0.1143   0.04416    0.0218   0.01164
    24/199     2.53G   0.06936    0.0303   0.02004    0.1197         3       640    0.4056    0.4464    0.4269    0.1265   0.04365   0.02118    0.0103
    25/199     2.53G   0.05679   0.02806    0.0135   0.09836         1       640    0.3339    0.6071    0.4763    0.1499   0.04287   0.02062  0.009302
    26/199     2.53G   0.05247   0.02451   0.01331    0.0903         1       640    0.2214    0.7143    0.4697    0.1379   0.04392   0.01981  0.008366
    27/199     2.53G    0.0643   0.02811   0.01316    0.1056         1       640    0.1685    0.8143    0.4857    0.1712   0.04245   0.01955  0.007547
    28/199     2.53G   0.05763    0.0265    0.0132   0.09733         1       640     0.146    0.8393    0.5132    0.1506   0.04323   0.01897  0.006798
    29/199     2.53G   0.06241   0.02349   0.01117   0.09706         1       640     0.121    0.8929    0.5224    0.2127   0.04159    0.0188  0.006379
    30/199     2.53G   0.06138   0.02554   0.01142   0.09833         2       640     0.117    0.9107     0.513    0.1937   0.04088   0.01854   0.00523
    31/199     2.53G   0.06356   0.02403   0.01044   0.09803         1       640    0.1152     0.875    0.5351     0.191   0.03988   0.01815  0.004692
    32/199     2.53G   0.06319   0.02997  0.009736    0.1029         5       640    0.1083    0.9107    0.5343     0.169   0.04285   0.01772  0.004333
    33/199     2.53G   0.05872   0.03071   0.00803   0.09745         7       640    0.1212    0.9464    0.5545    0.2129   0.04526   0.01701  0.004166
    34/199     2.53G   0.05965   0.03138  0.007784   0.09881         4       640    0.1307    0.9464    0.5682    0.2335    0.0402   0.01661  0.004117
    35/199     2.53G     0.048   0.02454  0.006017   0.07856         0       640    0.1281    0.9286    0.5633    0.2212   0.03893   0.01628  0.003947
    36/199     2.53G   0.05567   0.02654  0.007438   0.08965         3       640   0.09618    0.9286     0.297   0.05618   0.04448   0.01592  0.003821
    37/199     2.53G   0.06259   0.03191  0.007435    0.1019         3       640    0.1106    0.8929    0.3124   0.06838   0.04802    0.0153  0.003722
    38/199     2.53G   0.05226   0.02053  0.005457   0.07825         0       640    0.1265    0.9107    0.3888    0.1246   0.04445   0.01499  0.003556
    39/199     2.53G   0.05833    0.0213    0.0053   0.08493         2       640   0.08286    0.8571    0.1639   0.04436   0.05615   0.01374  0.003378
    40/199     2.53G   0.06474   0.02426  0.005882   0.09487         4       640     0.151    0.9107    0.3932    0.1338   0.04842   0.01429  0.003384
    41/199     2.53G   0.05499   0.02421  0.005301    0.0845         2       640    0.1427     0.875    0.4322    0.1687   0.04959   0.01379  0.003299
    42/199     2.53G   0.04737   0.02483  0.004588   0.07679         5       640    0.2081    0.8964    0.6408    0.2779   0.03789   0.01502  0.003199
    43/199     2.53G   0.05912   0.02239  0.005781   0.08729         2       640    0.1692    0.9107    0.5595    0.2022   0.04302   0.01424   0.00306
    44/199     2.53G   0.05961   0.02817  0.006671   0.09445         4       640    0.1841    0.9107    0.7128    0.2123   0.04057   0.01412   0.00307
    45/199     2.53G   0.06002    0.0309  0.005402   0.09632         6       640     0.182    0.9107    0.7374    0.3548   0.04173   0.01372  0.002884
    46/199     2.53G   0.04798   0.02235  0.004342   0.07468         1       640    0.1668    0.9286    0.6668    0.3047   0.04157   0.01341  0.002676
    47/199     2.53G   0.05174   0.02194  0.005339   0.07901         2       640    0.1984    0.9643    0.7572    0.3439   0.03844   0.01356  0.002597
    48/199     2.53G    0.0542   0.02327  0.004372   0.08184         2       640     0.192    0.9821    0.7288     0.384   0.04361   0.01293  0.002492
    49/199     2.53G   0.05494   0.02108  0.003007   0.07903         1       640    0.1457    0.9821     0.666    0.2675   0.05154   0.01231  0.002453
    50/199     2.53G   0.05992   0.01994  0.003739    0.0836         1       640    0.2307    0.9821    0.8248    0.3781   0.04433   0.01279  0.002405
    51/199     2.53G   0.05838   0.01858  0.003877   0.08084         1       640    0.2127    0.9464    0.7373    0.2651   0.04666   0.01253  0.002417
    52/199     2.53G   0.05444   0.02261  0.003678   0.08074         5       640    0.1392    0.9464    0.4467   0.09921    0.0488   0.01205  0.002407
    53/199     2.53G    0.0686    0.0249  0.005216   0.09872         5       640    0.2278    0.9464    0.6564    0.2058   0.04307   0.01236  0.002441
    54/199     2.53G   0.05771   0.02024  0.004133   0.08208         4       640    0.1861    0.9643    0.4909   0.09571   0.04736   0.01211  0.002395
    55/199     2.53G   0.04933   0.01976  0.003434   0.07253         1       640    0.2571    0.9643    0.7618    0.2088   0.04604   0.01217  0.002285
    56/199     2.53G   0.04918   0.01968  0.003018   0.07188         1       640    0.1785    0.9643     0.733    0.2811   0.04461   0.01238   0.00221
    57/199     2.53G   0.05616     0.021  0.004115   0.08127         2       640    0.2643    0.9821    0.7534    0.2793    0.0437   0.01227  0.002192
    58/199     2.53G   0.05165   0.02162  0.003248   0.07651         2       640    0.2801    0.9643    0.8475    0.4375   0.03373   0.01292   0.00215
    59/199     2.53G   0.05156   0.02121   0.00382   0.07659         3       640    0.1766    0.9643    0.5649    0.1504   0.04756    0.0117  0.002052
    60/199     2.53G   0.05932   0.01956  0.003146   0.08202         2       640    0.1535    0.9643     0.459    0.1509   0.04725    0.0112  0.002007
    61/199     2.53G    0.0639   0.02049  0.003427   0.08781         4       640    0.1643    0.9464     0.442   0.08622   0.04979   0.01095  0.002061
    62/199     2.53G   0.06761   0.02046  0.003402   0.09148         2       640    0.2212    0.9643    0.5935    0.1566   0.04712   0.01147  0.002151
    63/199     2.53G   0.05895   0.02271  0.003221   0.08489         4       640    0.3033    0.9643    0.7436     0.269   0.04356   0.01195  0.002216
    64/199     2.53G   0.04816   0.02097  0.003258   0.07239         2       640    0.2303    0.9643    0.7179    0.3211   0.04042   0.01197  0.002192
    65/199     2.53G   0.05589   0.01829  0.003676   0.07786         2       640    0.2605    0.9643    0.7095    0.2127   0.04291   0.01176  0.002158
    66/199     2.53G   0.04772   0.02223  0.002551    0.0725         0       640     0.157    0.9821    0.5563    0.1462    0.0493   0.01086  0.001974
    67/199     2.53G    0.0632   0.01925  0.003156    0.0856         4       640    0.2248    0.9821    0.5737    0.2056   0.04191    0.0114  0.001996
    68/199     2.53G    0.0489   0.01935  0.002977   0.07123         3       640    0.1326    0.9643    0.4908    0.1408   0.06041   0.01031  0.001932
    69/199     2.53G   0.05844   0.01808   0.00264   0.07916         1       640    0.1693    0.9643    0.5662    0.2788   0.05027   0.01068  0.002013
    70/199     2.53G   0.05743   0.01804  0.002739   0.07821         3       640    0.2632    0.9643    0.6924    0.2672   0.04432   0.01095  0.002098
    71/199     2.53G   0.05702   0.02125   0.00282   0.08109         3       640     0.262    0.9643    0.6551    0.2785   0.04572   0.01058  0.002104
    72/199     2.53G   0.05713   0.02022  0.002962   0.08031         5       640     0.374    0.9643    0.7979    0.3349   0.03753   0.01131  0.002193
    73/199     2.53G   0.05786   0.02186  0.003486    0.0832         3       640    0.2732    0.9643    0.7965    0.3559   0.04113   0.01082  0.002143
    74/199     2.53G   0.05953    0.0174  0.003031   0.07997         1       640    0.2657    0.9643    0.7933    0.3935   0.04197   0.01038  0.002091
    75/199     2.53G   0.05504   0.01894  0.003088   0.07707         0       640     0.225    0.9643    0.7419    0.2318   0.04644    0.0101  0.002079
    76/199     2.53G   0.06654   0.01683  0.002913   0.08628         2       640    0.2641    0.9821    0.7382    0.2867   0.04685   0.00999  0.002046
    77/199     2.53G   0.05436   0.01604  0.002712    0.0731         1       640    0.3545    0.9821    0.9074    0.4666   0.03911   0.01057  0.002087
    78/199     2.53G   0.05537   0.02125  0.002977    0.0796         2       640    0.3014         1     0.788    0.3069   0.03968   0.01025  0.001938
    79/199     2.53G   0.05446   0.01858  0.003137   0.07618         2       640    0.3653         1    0.8987     0.419   0.03759   0.01035  0.001918
    80/199     2.53G   0.05226   0.01525  0.002807   0.07031         1       640    0.1915         1    0.7921    0.2612   0.05168  0.009665   0.00183
    81/199     2.53G   0.05843   0.02214  0.002717   0.08328         7       640    0.3013         1    0.8871    0.5332   0.03303   0.01008  0.001888
    82/199     2.53G   0.05256    0.0164  0.002819   0.07178         2       640    0.2897         1    0.7882    0.3055   0.04132  0.009681  0.001913
    83/199     2.53G   0.05016   0.01911  0.002714   0.07198         2       640    0.4669         1    0.9694    0.5819   0.03233  0.009848  0.001962
    84/199     2.53G   0.04199   0.01844  0.002895   0.06332         2       640    0.5219         1     0.982    0.6526   0.02922  0.009938  0.001961
    85/199     2.53G   0.03988   0.01549  0.002645   0.05802         1       640    0.4263         1    0.9769    0.4312   0.03756  0.009398  0.001729
    86/199     2.53G    0.0535   0.01757  0.002643   0.07372         4       640    0.1791    0.8929    0.2207   0.06758   0.06062  0.009228   0.00173
    87/199     2.53G   0.07467   0.01844  0.002775   0.09589         4       640    0.2456    0.9821    0.4559    0.1731   0.05023  0.008813  0.001913
    88/199     2.53G   0.06068   0.01892  0.003154   0.08275         2       640    0.3282    0.9821    0.5259    0.2904   0.04194  0.009426  0.002082
    89/199     2.53G   0.04978   0.02039  0.003169   0.07335         3       640    0.4568    0.9821    0.8314    0.4387    0.0313   0.01116  0.002279
    90/199     2.53G   0.04499   0.01823  0.003419   0.06663         2       640    0.3915    0.9821    0.6466    0.2753   0.03477   0.01084  0.002314
    91/199     2.53G    0.0463   0.02018  0.003315   0.06979         2       640    0.3469         1    0.7448    0.3563   0.04072  0.009492  0.002145
    92/199     2.53G   0.05818   0.01484  0.002711   0.07572         2       640    0.2975         1    0.8017    0.2284   0.03802  0.009467   0.00221
    93/199     2.53G   0.05047   0.01627  0.003209   0.06995         1       640    0.4219         1    0.9745    0.5844     0.026  0.009897  0.002207
    94/199     2.53G   0.04544   0.01806  0.002909   0.06641         2       640    0.4701         1    0.9659    0.5315   0.02753   0.00984    0.0021
    95/199     2.53G   0.04278   0.01787  0.003447    0.0641         1       640    0.2878         1    0.9346    0.4337   0.03778  0.009492  0.001894
    96/199     2.53G   0.05265   0.01768  0.002347   0.07268         1       640    0.3074         1    0.6042    0.2046    0.0505   0.00895  0.001867
    97/199     2.53G   0.06782   0.01447  0.002475   0.08477         3       640    0.3208         1    0.6519    0.2082   0.04638  0.008821  0.001955
    98/199     2.53G   0.06382    0.0199  0.003476    0.0872         5       640    0.2705         1    0.7408     0.182   0.04724  0.008689  0.001959
    99/199     2.53G    0.0553   0.01722  0.002741   0.07526         3       640    0.3569         1    0.8779    0.4232    0.0406  0.008787  0.002079
   100/199     2.53G   0.05086   0.02014  0.002911   0.07391         4       640    0.4215         1    0.9562    0.5917   0.03498  0.008895  0.002036
   101/199     2.53G   0.04979   0.01448  0.002512   0.06677         2       640    0.3379         1    0.7073     0.206   0.03903  0.008878  0.001987
   102/199     2.53G   0.05779   0.02615  0.002767    0.0867         9       640     0.326         1    0.7605     0.362   0.03631  0.008534  0.001925
   103/199     2.53G   0.05242   0.01836  0.003334   0.07411         3       640    0.3796         1    0.8302     0.463   0.02998   0.00846  0.001894
   104/199     2.53G   0.04317   0.01853  0.003352   0.06505         2       640    0.4083         1    0.8605    0.4863   0.02648  0.008494  0.001853
   105/199     2.53G    0.0412   0.01357  0.002278   0.05705         1       640     0.333         1    0.8944    0.4841   0.03166   0.00846   0.00175
   106/199     2.53G   0.04965   0.01713  0.002405   0.06919         3       640    0.2553         1    0.7316    0.3107   0.04045  0.008152  0.001753
   107/199     2.53G   0.05311   0.01377  0.002571   0.06945         4       640    0.2553         1    0.7316    0.3107   0.04045  0.008152  0.001753
   108/199     2.53G   0.06353   0.01268  0.002957   0.07916         2       640    0.2328         1    0.7104    0.2884   0.04597  0.007928  0.001779
   109/199     2.53G   0.05694   0.01594  0.002576   0.07545         1       640    0.2543         1    0.7384    0.3884   0.04398  0.007765  0.001804
   110/199     2.53G   0.05804   0.01651  0.002675   0.07723         3       640    0.2768         1    0.7523    0.4635   0.03855  0.007761  0.001844
   111/199     2.53G   0.05049   0.01404  0.003568   0.06809         2       640    0.2799         1    0.7694     0.436   0.03739  0.007825  0.001873
   112/199     2.53G   0.05628   0.01697  0.003058   0.07631         3       640    0.2914         1    0.7808     0.447   0.03759  0.007879  0.001914
   113/199     2.53G    0.0505   0.01821  0.002901   0.07161         4       640    0.3033         1    0.8419    0.5277   0.03706  0.007898  0.001957
   114/199     2.53G   0.04698   0.02058  0.002563   0.07013         5       640    0.3266         1    0.8897     0.602   0.03557  0.007985  0.001994
   115/199     2.53G   0.04459   0.01725  0.002716   0.06456         3       640    0.3837         1    0.9033    0.6526   0.03168  0.008108  0.001997
   116/199     2.53G   0.04198   0.01827  0.003708   0.06396         3       640     0.441         1    0.9393    0.6803   0.02886  0.008156  0.001985
   117/199     2.53G   0.04073   0.02134  0.003355   0.06542         4       640    0.4577         1    0.9471    0.6363   0.02833  0.008016  0.001922
   118/199     2.53G   0.04283   0.01665  0.003094   0.06257         3       640    0.4466         1    0.9404    0.6158   0.02996  0.007914  0.001858
   119/199     2.53G   0.04425   0.01801    0.0026   0.06486         2       640    0.4644         1    0.9592    0.6392   0.03008  0.007878  0.001775
   120/199     2.53G   0.04193   0.01772  0.002516   0.06217         2       640    0.4634         1    0.9504    0.6581   0.02701  0.007957  0.001706
   121/199     2.53G   0.03349   0.01391  0.002297   0.04969         1       640    0.5088         1    0.9891    0.7049   0.02264  0.008008  0.001636
   122/199     2.53G   0.03726   0.01801  0.002501   0.05777         4       640    0.5531         1    0.9902    0.7115   0.02161  0.008126  0.001575
   123/199     2.53G   0.03451    0.0141  0.002001   0.05061         2       640    0.5523         1    0.9859    0.7166   0.02196  0.008133  0.001525
   124/199     2.53G   0.03768   0.01559  0.002387   0.05566         1       640     0.573         1     0.991    0.7405   0.02185  0.008111  0.001486
   125/199     2.53G   0.03154   0.01841  0.001879   0.05182         2       640    0.5568         1    0.9908    0.7465   0.02189  0.008026  0.001464
   126/199     2.53G   0.03215   0.01519  0.002009   0.04935         1       640    0.5382         1    0.9901    0.7342   0.02231  0.007916  0.001443
   127/199     2.53G   0.03352    0.0149   0.00213   0.05056         1       640    0.5391         1    0.9904    0.7737   0.02154   0.00775  0.001426
   128/199     2.53G   0.03755   0.01623  0.002075   0.05586         4       640    0.5451         1    0.9914    0.7427   0.02185  0.007646  0.001405
   129/199     2.53G   0.03469   0.01346  0.002368   0.05052         1       640    0.5989         1    0.9918    0.7588    0.0221  0.007486  0.001391
   130/199     2.53G   0.03349   0.01676  0.001826   0.05207         1       640    0.5989         1    0.9917    0.7734   0.02058  0.007361  0.001379
   131/199     2.53G   0.03226   0.01497  0.001906   0.04914         1       640    0.2527         1    0.7057    0.4354   0.03756  0.008006  0.001342
   132/199     2.53G   0.04514   0.01459  0.002108   0.06184         1       640    0.2527         1    0.7057    0.4354   0.03756  0.008007  0.001342
   133/199     2.53G   0.05513   0.01824   0.00188   0.07525         7       640    0.2255         1    0.6696    0.4125    0.0419  0.007956  0.001335
   134/199     2.53G   0.03928   0.01584  0.001956   0.05707         3       640    0.3608         1    0.9752    0.7021   0.03193  0.007282  0.001392
   135/199     2.53G   0.03994   0.01617  0.002026   0.05814         1       640    0.4129         1    0.8526    0.4148   0.02691  0.007688  0.001443
   136/199     2.53G   0.04197   0.01458   0.00222   0.05877         1       640    0.5189         1    0.9789    0.3585   0.02885  0.007653  0.001483
   137/199     2.53G   0.03229   0.01209  0.001636   0.04602         1       640    0.2863         1    0.5882    0.3986   0.04291  0.007458  0.001563
   138/199     2.53G   0.05894   0.02078  0.002257   0.08198         4       640    0.3302         1    0.7245    0.3518    0.0376   0.00773  0.001709
   139/199     2.53G   0.04513   0.01565  0.002007   0.06279         3       640    0.3302         1    0.7245    0.3518    0.0376   0.00773  0.001709
   140/199     2.53G   0.05161   0.01306  0.002533    0.0672         1       640    0.3759         1     0.878    0.4619   0.03691  0.007927  0.001808
   141/199     2.53G   0.04589   0.01565  0.002763    0.0643         2       640    0.3946         1    0.8987     0.544   0.03428  0.007893  0.001847
   142/199     2.53G   0.05172   0.01793  0.002338   0.07199         8       640    0.4466         1    0.9581    0.6803   0.03201  0.007661  0.001852
   143/199     2.53G    0.0449   0.01516  0.002198   0.06226         1       640    0.4514         1    0.9551    0.5755   0.03564  0.007481  0.001824
   144/199     2.53G    0.0464   0.01363  0.002449   0.06248         1       640    0.3328         1    0.8479     0.289   0.04062  0.007412  0.001773
   145/199     2.53G   0.05484   0.01477  0.002679   0.07229         2       640    0.3905         1    0.8805    0.4425   0.03575   0.00742  0.001838
   146/199     2.53G   0.04379   0.01737  0.002312   0.06347         1       640    0.3905         1    0.8805    0.4425   0.03575   0.00742  0.001838
   147/199     2.53G   0.04088   0.01447  0.002391   0.05774         1       640    0.3824         1    0.8559    0.5069   0.03439  0.007415   0.00187
   148/199     2.53G   0.04409   0.01545  0.002515   0.06206         1       640    0.3909         1    0.8622    0.5532   0.03104  0.007418  0.001898
   149/199     2.53G   0.04676   0.01612   0.00241   0.06529         6       640    0.4271         1    0.8949    0.6451   0.02986  0.007363  0.001869
   150/199     2.53G   0.03196   0.01394  0.001991   0.04789         0       640    0.4051         1    0.9053    0.5325   0.03303  0.007479  0.001814
   151/199     2.53G   0.03985   0.01311  0.001963   0.05493         1       640    0.4021         1    0.9461    0.5095   0.03602  0.007434  0.001782
   152/199     2.53G   0.04697   0.01695   0.00251   0.06643         2       640    0.5445         1    0.9715    0.7183   0.02498  0.007342  0.001865
   153/199     2.53G   0.03583   0.01386   0.00234   0.05203         1       640    0.5445         1    0.9715    0.7183   0.02498  0.007342  0.001865
   154/199     2.53G   0.03835   0.01491  0.002554   0.05582         1       640    0.5359         1    0.9919    0.6766   0.02701  0.007325  0.001875
   155/199     2.53G   0.04563   0.01548  0.002682   0.06379         2       640    0.5359         1    0.9919    0.6766   0.02701  0.007325  0.001875
   156/199     2.53G   0.04186   0.01306  0.002425   0.05735         2       640    0.5368         1    0.9913    0.7132   0.02688  0.007233   0.00188
   157/199     2.53G   0.03658   0.01311  0.001971   0.05166         1       640    0.5127         1    0.9865    0.6659   0.02526  0.007172  0.001837
   158/199     2.53G   0.04177   0.01787  0.002179   0.06181         2       640     0.459         1    0.9349    0.5198   0.02885  0.007243  0.001846
   159/199     2.53G   0.04464   0.01402  0.002358   0.06102         2       640     0.459         1    0.9349    0.5198   0.02885  0.007243  0.001846
   160/199     2.53G   0.04593   0.01291  0.002264    0.0611         1       640      0.44         1    0.8898     0.425    0.0314  0.007271  0.001843
   161/199     2.53G   0.03915   0.02589  0.002358   0.06739         9       640    0.7432         1    0.9926    0.7091   0.02402  0.007026  0.001839
   162/199     2.53G   0.03103   0.01492  0.002075   0.04803         2       640    0.4704         1     0.957    0.6274    0.0258  0.007032  0.001757
   163/199     2.53G    0.0453   0.02332  0.002707   0.07132         9       640    0.4704         1     0.957    0.6274    0.0258  0.007032  0.001757
   164/199     2.53G   0.04571   0.01325  0.002415   0.06137         2       640    0.3605         1    0.9037     0.509   0.03062  0.007168  0.001718
   165/199     2.53G   0.04122   0.01556  0.002259   0.05904         3       640     0.431         1    0.9122    0.6338   0.02765   0.00703  0.001726
   166/199     2.53G   0.03745    0.0199  0.002561   0.05991         4       640    0.3553         1    0.8271    0.4478   0.03117  0.007157  0.001698
   167/199     2.53G   0.04238   0.01615  0.002111   0.06064         5       640    0.3553         1    0.8271    0.4478   0.03117  0.007158  0.001698
   168/199     2.53G   0.05339   0.01253   0.00225   0.06817         3       640    0.3029         1    0.8069    0.3643   0.03449  0.007247  0.001689
   169/199     2.53G   0.03592   0.01396  0.001761   0.05165         0       640    0.3992         1    0.9276    0.5825   0.02692  0.007059  0.001716
   170/199     2.53G    0.0486   0.01654    0.0032   0.06834         4       640     0.532         1    0.9383     0.621   0.02332   0.00694  0.001722
   171/199     2.53G   0.03702   0.01356  0.002196   0.05277         2       640     0.532         1    0.9383     0.621   0.02332   0.00694  0.001722
   172/199     2.53G      0.04    0.0158  0.002345   0.05815         2       640    0.3436         1    0.8495    0.4659   0.02934  0.006985  0.001743
   173/199     2.53G   0.03861   0.01576  0.002119    0.0565         1       640    0.4417         1    0.8893    0.5537   0.02507  0.006966  0.001782
   174/199     2.53G   0.04023   0.01968  0.002573   0.06249         3       640    0.4661         1    0.9213    0.5316   0.02913  0.006894  0.001802
   175/199     2.53G   0.04175   0.01815   0.00253   0.06243         4       640    0.4661         1    0.9213    0.5316   0.02913  0.006895  0.001802
   176/199     2.53G   0.04475   0.01668   0.00249   0.06392         4       640     0.445         1    0.8567    0.3987   0.03348  0.006896  0.001831
   177/199     2.53G   0.03168   0.01219  0.002152   0.04603         1       640    0.5346         1    0.9247    0.5817   0.02717  0.006833   0.00186
   178/199     2.53G    0.0367   0.01536  0.002321   0.05438         3       640    0.7439         1    0.9951    0.6369   0.02387  0.006719  0.001855
   179/199     2.53G   0.03448   0.01696  0.002215   0.05365         4       640    0.7439         1    0.9951    0.6369   0.02387   0.00672  0.001855
   180/199     2.53G   0.03581   0.01388   0.00236   0.05205         2       640    0.6416         1    0.9503    0.4832   0.02744  0.006672  0.001837
   181/199     2.53G    0.0328   0.01237  0.002007   0.04718         1       640    0.7454         1    0.9947    0.5919    0.0257  0.006522  0.001788
   182/199     2.53G   0.03616   0.01561  0.002527   0.05429         1       640    0.7151         1    0.9949    0.6692   0.02506  0.006474  0.001691
   183/199     2.53G   0.03791   0.01762  0.002167    0.0577         3       640    0.7151         1    0.9949    0.6692   0.02506  0.006474  0.001691
   184/199     2.53G   0.03778   0.01274  0.002188   0.05271         1       640    0.5384         1    0.9876    0.6058   0.02706  0.006555  0.001621
   185/199     2.53G   0.03756   0.01699  0.002059   0.05661         5       640    0.7051         1    0.9901    0.7117   0.02219  0.006277  0.001568
   186/199     2.53G   0.02975   0.01241   0.00176   0.04392         1       640    0.7405         1    0.9949    0.6912    0.0241  0.006263  0.001498
   187/199     2.53G   0.03715   0.01213  0.002191   0.05147         1       640    0.7405         1    0.9949    0.6912    0.0241  0.006263  0.001498
   188/199     2.53G   0.03741   0.01197  0.002147   0.05153         2       640    0.7576         1    0.9949    0.6792   0.02563    0.0064  0.001436
   189/199     2.53G   0.03943   0.01504  0.002133   0.05661         2       640    0.7956         1    0.9949    0.7649   0.02135  0.006122  0.001398
   190/199     2.53G   0.03101   0.01577  0.001883   0.04866         2       640    0.6255         1     0.963    0.6063   0.02578  0.006631  0.001339
   191/199     2.53G   0.04122   0.01724  0.001911   0.06037         4       640    0.6255         1     0.963    0.6063   0.02578  0.006631  0.001339
   192/199     2.53G   0.04457   0.01761  0.001801   0.06398         5       640    0.5555         1    0.9261    0.5134   0.02883  0.006944    0.0013
   193/199     2.53G   0.03528   0.01411  0.001728   0.05111         3       640    0.7832         1    0.9947    0.7223   0.02351   0.00621  0.001316
   194/199     2.53G    0.0293   0.01212  0.001594   0.04301         3       640    0.5169         1    0.8517     0.492   0.02954   0.00667  0.001315
   195/199     2.53G   0.04061   0.01556   0.00181   0.05798         3       640    0.5169         1    0.8517     0.492   0.02954  0.006671  0.001315
   196/199     2.53G   0.04005   0.01293  0.001736   0.05471         2       640    0.4485         1     0.797     0.423   0.03248  0.006812  0.001324
   197/199     2.53G      0.04   0.01703  0.001862   0.05888         3       640    0.4675         1    0.8112    0.5041   0.02632  0.006461  0.001359
   198/199     2.53G   0.03847   0.01313  0.002096    0.0537         1       640    0.5793         1    0.9522    0.6137   0.02549  0.006371  0.001405
   199/199     2.53G   0.03654   0.01482  0.002089   0.05345         3       640    0.5793         1    0.9522    0.6137   0.02549  0.006371  0.001405
