     0/199     2.45G    0.1257   0.02854   0.06241    0.2166        18       640         0         0         0         0   0.07377   0.02803   0.03886
     1/199     2.46G    0.1246    0.0278   0.06263    0.2151        18       640         0         0         0         0   0.07326   0.02769   0.03833
     2/199     2.46G    0.1248   0.02736   0.06073    0.2129        21       640         0         0         0         0   0.07257   0.02731   0.03764
     3/199     2.46G    0.1244   0.02583   0.05795    0.2081        15       640         0         0  0.001991 0.0001991   0.07179   0.02698    0.0369
     4/199     2.46G     0.121   0.02858   0.05816    0.2078        21       640         0         0  0.001839 0.0001839   0.07067   0.02679   0.03616
     5/199     2.46G     0.122   0.02736   0.05616    0.2055        18       640         0         0  0.001692 0.0001692    0.0694   0.02664   0.03535
     6/199     2.46G    0.1183   0.02881   0.05659    0.2037        15       640         0         0  0.004721 0.0007824   0.06795   0.02659   0.03453
     7/199     2.46G    0.1158   0.02928   0.05311    0.1982        19       640         0         0  0.001512 0.0001512    0.0663   0.02658   0.03372
     8/199     2.46G    0.1097   0.02742   0.05333    0.1905        19       640         0         0  0.003056 0.0004496    0.0644   0.02659   0.03295
     9/199     2.46G    0.1101   0.02647   0.05155    0.1881        17       640         0         0  0.004418  0.000707   0.06269   0.02654   0.03218
    10/199     2.46G   0.09774   0.02696   0.04477    0.1695        26       640         0         0   0.01723   0.00258   0.06099   0.02653   0.03139
    11/199     2.46G   0.09866   0.03074    0.0475    0.1769        24       640         0         0   0.02325  0.006641   0.05918   0.02657   0.03057
    12/199     2.46G   0.08628   0.02737   0.04264    0.1563        11       640         0         0   0.02934  0.009901   0.05721    0.0268   0.02963
    13/199     2.46G   0.09358   0.02842    0.0451    0.1671        16       640         0         0   0.04089   0.01194   0.05555   0.02692   0.02879
    14/199     2.46G   0.09417   0.02607   0.04162    0.1619        16       640         0         0   0.03601  0.008974   0.05476   0.02687   0.02785
    15/199     2.46G   0.09209   0.02485   0.04224    0.1592         9       640         0         0    0.0374  0.009576   0.05373   0.02693   0.02691
    16/199     2.46G   0.08243    0.0289   0.03715    0.1485        15       640         0         0   0.03714   0.01005   0.05296    0.0269   0.02598
    17/199     2.46G   0.09057    0.0319    0.0392    0.1617        24       640         0         0   0.04594   0.01275   0.05242   0.02671   0.02504
    18/199     2.46G   0.08396   0.02581   0.03848    0.1482        21       640         1   0.05556   0.07588   0.01054   0.05211   0.02672   0.02463
    19/199     2.46G   0.08369   0.02949   0.03567    0.1488        12       640         1   0.05556   0.07699   0.02304   0.05172   0.02659   0.02392
    20/199     2.46G   0.08214   0.02993    0.0339     0.146        20       640         1   0.05556   0.08405    0.0298   0.05136    0.0265    0.0231
    21/199     2.46G   0.07112   0.02972   0.03099    0.1318        20       640         1   0.05556   0.08239   0.03218   0.05093   0.02639   0.02231
    22/199     2.46G   0.07945   0.02578   0.03395    0.1392        20       640         1   0.05556   0.09827   0.02996   0.05032   0.02637   0.02136
    23/199     2.46G   0.07483   0.02679   0.02948    0.1311        10       640         1   0.05556    0.1097    0.0332   0.04969    0.0263   0.02053
    24/199     2.46G   0.07462    0.0314   0.03087    0.1369        17       640         1   0.05556    0.1369   0.04505   0.04904    0.0262   0.01966
    25/199     2.46G   0.06758   0.02585   0.02843    0.1219        16       640         1   0.05556    0.1488   0.05014   0.04868   0.02603    0.0188
    26/199     2.46G   0.07625   0.02633   0.02766    0.1302        13       640         1   0.05556    0.1717   0.06081    0.0481   0.02585    0.0179
    27/199     2.46G   0.07852   0.02854    0.0281    0.1352        19       640         1   0.05556    0.1888   0.06515   0.04743   0.02576   0.01706
    28/199     2.46G   0.07688   0.03235   0.02708    0.1363        25       640         1   0.05556    0.1792   0.04699   0.04702   0.02555   0.01611
    29/199     2.46G   0.07759   0.02993   0.02541    0.1329        19       640         1   0.05556    0.1944   0.04234   0.04719   0.02507   0.01526
    30/199     2.46G   0.06921   0.02996   0.02226    0.1214        23       640         1   0.05556    0.1801   0.06308   0.04651   0.02494   0.01449
    31/199     2.46G   0.07486   0.03114   0.02301     0.129        19       640         0         0    0.1498   0.04528   0.04617    0.0247   0.01379
    32/199     2.46G   0.07235   0.02821   0.02133    0.1219        16       640         0         0    0.1796   0.05898   0.04506   0.02485   0.01316
    33/199     2.46G   0.06182   0.02633   0.01889     0.107        12       640         0         0    0.1997   0.06574   0.04402   0.02474   0.01238
    34/199     2.46G   0.07522    0.0266   0.02137    0.1232        14       640         1    0.1086    0.3176   0.07355   0.04362   0.02441   0.01148
    35/199     2.46G   0.07533   0.02764   0.01969    0.1227        17       640    0.5184    0.1667    0.3255   0.07665    0.0429   0.02414   0.01066
    36/199     2.46G   0.06828   0.02917   0.01808    0.1155        16       640    0.5178    0.2222    0.2505    0.0788   0.04312   0.02374   0.01002
    37/199     2.46G   0.07176   0.02628   0.01663    0.1147        21       640    0.4703    0.2222    0.3392    0.1044   0.04164   0.02376  0.009455
    38/199     2.46G   0.06563   0.02906   0.01619    0.1109        20       640    0.5371    0.2778     0.375    0.1226   0.04164   0.02322  0.008904
    39/199     2.46G    0.0695   0.02951   0.01702     0.116        19       640    0.3537    0.2778    0.3689    0.1079   0.04201   0.02268  0.008401
    40/199     2.46G   0.06852   0.02656    0.0156    0.1107        18       640    0.4637    0.3333    0.3897    0.1254   0.04116   0.02254  0.007914
    41/199     2.46G   0.06347   0.02886   0.01351    0.1058        15       640    0.4425    0.3889    0.4047    0.1357   0.03982   0.02238  0.007403
    42/199     2.46G   0.06304    0.0285   0.01387    0.1054        18       640    0.3135    0.4825    0.4174    0.1216    0.0403   0.02166  0.006896
    43/199     2.46G   0.06803     0.029   0.01306    0.1101        18       640     0.249       0.5    0.4216    0.1625   0.03937   0.02131  0.006515
    44/199     2.46G   0.06304   0.02693   0.01212    0.1021        11       640    0.2716    0.6667    0.4338    0.1675   0.03748   0.02121  0.006185
    45/199     2.46G   0.06026   0.02887   0.01229    0.1014        21       640     0.191    0.7778    0.4182    0.1237   0.03795   0.02067  0.005733
    46/199     2.46G   0.06672   0.03063   0.01174    0.1091        20       640    0.1701    0.7778    0.5351    0.1575   0.03786   0.02014  0.005405
    47/199     2.46G   0.06281   0.02583   0.01103   0.09968        17       640    0.1746    0.8333     0.468    0.1518   0.03611   0.02009  0.005108
    48/199     2.46G   0.05713    0.0289  0.009827   0.09585        20       640    0.1559    0.8889    0.5343    0.1807   0.03618    0.0198  0.004795
    49/199     2.46G   0.05487   0.02614  0.009983   0.09099        20       640     0.149    0.8333    0.4994    0.1951   0.03602   0.01975  0.004567
    50/199     2.46G   0.06163   0.02836  0.009605   0.09959        17       640    0.1397    0.9444    0.5469    0.2084   0.03592   0.01953  0.004334
    51/199     2.46G   0.05347   0.02299  0.007853   0.08431        17       640     0.143    0.8889    0.4736    0.2083   0.03624   0.01932  0.004231
    52/199     2.46G   0.05719   0.03177   0.00851   0.09747        23       640    0.1052    0.9444    0.4933      0.18   0.03681   0.01921  0.004012
    53/199     2.46G   0.06056   0.02137  0.009084   0.09102        12       640    0.1501    0.9444    0.5267    0.2263   0.03493   0.01903  0.003877
    54/199     2.46G   0.05779   0.02616  0.007515   0.09146        13       640    0.1291    0.8889     0.455    0.1451   0.03852   0.01843  0.003712
    55/199     2.46G    0.0574   0.02197   0.00672   0.08609        14       640   0.09706    0.8889    0.3001   0.06811    0.0428   0.01786  0.003627
    56/199     2.46G   0.06447   0.02242   0.00737   0.09427        18       640    0.1515    0.8889    0.4622    0.1353   0.03599   0.01808   0.00357
    57/199     2.46G    0.0545    0.0251  0.006301   0.08589        15       640    0.1098    0.8333    0.1848   0.05486   0.04572   0.01692  0.003417
    58/199     2.46G   0.05929   0.02272  0.006656   0.08866        13       640    0.1694    0.8889    0.4986    0.1821   0.03487   0.01763  0.003367
    59/199     2.46G   0.06162   0.02291  0.006651   0.09117        16       640    0.1165    0.8889    0.3556   0.08511   0.03999    0.0169  0.003304
    60/199     2.46G   0.05786    0.0243   0.00702   0.08919        17       640    0.1581    0.8889    0.4441    0.1478   0.03863    0.0166  0.003204
    61/199     2.46G    0.0589   0.02199  0.007151   0.08804        13       640    0.1679    0.8889    0.4841    0.1582   0.03684   0.01664  0.003109
    62/199     2.46G   0.05454   0.02407    0.0057   0.08431        17       640    0.2052    0.8889    0.6281    0.2448   0.03227   0.01684  0.003055
    63/199     2.46G   0.05395    0.0249  0.005895   0.08474        16       640    0.2164    0.8889    0.5936    0.2086   0.03534   0.01644  0.002914
    64/199     2.46G    0.0571   0.01793  0.004744   0.07978        11       640    0.1281    0.8889    0.4085   0.09375   0.04366   0.01543  0.002853
    65/199     2.46G   0.05953   0.02545  0.005974   0.09095        19       640    0.1736    0.8889    0.5072    0.2015   0.03528   0.01618  0.002846
    66/199     2.46G   0.05218   0.02293  0.005034   0.08015        13       640    0.1325    0.8889    0.3732   0.08921   0.04025   0.01545   0.00276
    67/199     2.46G   0.06282   0.02239  0.005462   0.09067        19       640    0.1521    0.8889    0.4838    0.1581   0.03917   0.01562  0.002722
    68/199     2.46G   0.06172   0.02354  0.005626   0.09089        17       640    0.1901    0.8889      0.52    0.1745   0.03494   0.01606  0.002705
    69/199     2.46G   0.05833   0.02279  0.005507   0.08663        16       640     0.113    0.8889    0.1499   0.04189   0.05309    0.0138  0.002603
    70/199     2.46G   0.06594   0.02093  0.005828   0.09269        18       640    0.2298    0.8889    0.4533    0.1523   0.03552   0.01609  0.002682
    71/199     2.46G   0.05701   0.02296  0.005338   0.08531        23       640    0.2478    0.8889     0.503    0.1371   0.03397   0.01621  0.002703
    72/199     2.46G   0.05736   0.02724   0.00449   0.08909        17       640    0.1656    0.8889    0.3136    0.1082   0.04351   0.01467  0.002674
    73/199     2.46G   0.06092   0.02297  0.004362   0.08826        20       640    0.2844    0.8889    0.5732    0.2417    0.0336   0.01625  0.002677
    74/199     2.46G     0.055   0.02253  0.004473   0.08201        18       640    0.2274    0.8889    0.5401    0.2772   0.03333   0.01615  0.002665
    75/199     2.46G   0.05086   0.02184  0.004289   0.07699        21       640    0.2818    0.8889    0.6012    0.2394   0.03149   0.01597  0.002624
    76/199     2.46G   0.05429   0.02188  0.004493   0.08066        23       640    0.2193    0.8889    0.3421   0.08224   0.03845   0.01518  0.002543
    77/199     2.46G   0.05099   0.02077  0.003526   0.07528        14       640    0.2951    0.8889    0.5593    0.2258   0.03328   0.01559  0.002543
    78/199     2.46G   0.05464   0.02345  0.003824   0.08191        26       640    0.1416    0.8889    0.2442   0.07561   0.04835   0.01377  0.002429
    79/199     2.46G   0.06406    0.0191  0.003532   0.08669        16       640    0.2207    0.8889    0.4902    0.1037   0.03569   0.01531  0.002494
    80/199     2.46G   0.05823   0.02075  0.003995   0.08297        13       640    0.1855    0.8889    0.4909    0.1478   0.03689   0.01515  0.002482
    81/199     2.46G   0.06125   0.01971  0.005582   0.08654        16       640    0.2439    0.8889    0.4401      0.11   0.03909   0.01452   0.00247
    82/199     2.46G   0.05405   0.01882  0.003176   0.07605        16       640     0.265    0.8889    0.5491    0.1415   0.03625   0.01494  0.002463
    83/199     2.46G   0.05574   0.01562  0.003803   0.07516        11       640    0.2614    0.8889    0.5567    0.1498   0.03202   0.01551  0.002444
    84/199     2.46G   0.05261   0.02248  0.004259   0.07935        21       640    0.2042    0.8889    0.5747    0.1477   0.04033   0.01447  0.002375
    85/199     2.46G   0.06144    0.0206  0.003565    0.0856        23       640    0.2567    0.8889    0.5078    0.1974   0.03585   0.01484  0.002389
    86/199     2.46G   0.05382   0.02077  0.003393   0.07799        17       640    0.2545    0.8889     0.593    0.2093   0.03356   0.01502   0.00239
    87/199     2.46G   0.04783   0.01897  0.003814   0.07061        14       640    0.1788    0.8889    0.5215    0.2167   0.03967   0.01415  0.002305
    88/199     2.46G   0.05556   0.02099  0.003895   0.08045        16       640    0.2414    0.8889    0.4869    0.2071   0.03373   0.01463  0.002279
    89/199     2.46G   0.05021   0.02136  0.003869   0.07544        20       640    0.2767    0.8889    0.6697    0.1752   0.03071   0.01503  0.002287
    90/199     2.46G   0.04794   0.01965  0.003409     0.071        16       640     0.336    0.8889     0.861    0.3119   0.02762   0.01528  0.002281
    91/199     2.46G   0.04625   0.02003  0.003653   0.06994        20       640    0.3202    0.8333    0.7863    0.3946   0.02863   0.01491  0.002258
    92/199     2.46G   0.04916   0.02288  0.003382   0.07542        26       640    0.2923    0.8333    0.7901    0.3511   0.02847   0.01506  0.002238
    93/199     2.46G   0.04493   0.02061   0.00329   0.06883        19       640    0.2863    0.8889    0.7764    0.2516    0.0292     0.015  0.002207
    94/199     2.46G   0.04485    0.0194  0.003268   0.06752        13       640    0.3248    0.8333    0.7784    0.3734   0.02644   0.01501  0.002177
    95/199     2.46G    0.0449   0.02085  0.003296   0.06905        13       640    0.3429    0.8889    0.8138    0.3607   0.02666   0.01495  0.002146
    96/199     2.46G   0.04184   0.01653  0.002958   0.06133        17       640    0.2894    0.8889    0.6355    0.2859   0.02957   0.01474  0.002117
    97/199     2.46G   0.04649   0.02056   0.00347   0.07053        16       640    0.2931    0.8333    0.7488    0.3773   0.02705   0.01484  0.002093
    98/199     2.46G   0.04341   0.01594   0.00283   0.06218        13       640    0.3537    0.8889    0.8218    0.3642    0.0278   0.01475  0.002084
    99/199     2.46G   0.04925    0.0177  0.004047     0.071        19       640     0.319    0.8333    0.6594    0.3022   0.02879    0.0147  0.002069
   100/199     2.46G   0.04185   0.02117  0.003477    0.0665        23       640     0.369    0.8333    0.8483    0.4103   0.02596   0.01485   0.00205
   101/199     2.46G   0.04382    0.0196  0.002813   0.06623        20       640    0.3811    0.8889    0.8614    0.3861   0.02639   0.01468  0.002007
   102/199     2.46G   0.04493   0.01884  0.002963   0.06674        18       640    0.3427    0.8333    0.8385    0.3973   0.02617   0.01468  0.001991
   103/199     2.46G    0.0456   0.02295  0.003783   0.07233        22       640    0.3756    0.8333    0.8259    0.3832   0.02608   0.01468  0.001957
   104/199     2.46G   0.04291   0.01808  0.002827   0.06382        15       640    0.3575    0.8333    0.7623    0.3245   0.02815   0.01438  0.001934
   105/199     2.46G   0.04822   0.01864  0.003131   0.06999        16       640     0.326    0.8868    0.7342    0.3984   0.02811    0.0144  0.001902
   106/199     2.46G   0.04876   0.02325  0.003166   0.07517        14       640    0.2438    0.8333     0.738    0.2571   0.02973   0.01422  0.001877
   107/199     2.46G   0.04351   0.01801   0.00267   0.06419        16       640    0.2732    0.8333    0.7832     0.324   0.02855   0.01419  0.001861
   108/199     2.46G   0.03927   0.02058  0.002697   0.06255        18       640    0.3502    0.8686    0.6647    0.2859   0.02828    0.0142  0.001845
   109/199     2.46G   0.04637   0.01757  0.002509   0.06644        11       640    0.3706    0.8889    0.7095    0.2873   0.02815   0.01424  0.001833
   110/199     2.46G   0.04269   0.02068  0.002721   0.06609        15       640    0.3562    0.8333    0.8084    0.3551   0.02641   0.01433  0.001812
   111/199     2.46G   0.03894   0.01618  0.002364   0.05748        17       640    0.3234    0.8333    0.7526    0.4023   0.02759   0.01417  0.001795
   112/199     2.46G   0.04668   0.01931  0.003002   0.06899        16       640    0.3972    0.8889    0.8099    0.3931   0.02766   0.01413  0.001767
   113/199     2.46G    0.0407   0.02034  0.002407   0.06344        16       640    0.3946    0.8889    0.6907    0.3304   0.02707   0.01422  0.001746
   114/199     2.46G   0.03694   0.01957  0.002588   0.05909        19       640    0.3993    0.8889    0.8639    0.3825    0.0263   0.01423  0.001727
   115/199     2.46G   0.04193   0.01958  0.002658   0.06417        19       640    0.3165    0.8889    0.8025    0.4032   0.02824    0.0139   0.00171
   116/199     2.46G   0.03251   0.01584  0.002337   0.05068         9       640     0.425    0.8889    0.7699    0.4423   0.02557   0.01419  0.001697
   117/199     2.46G   0.04044   0.01583  0.002501   0.05877        15       640    0.3431    0.9444    0.8895    0.3953   0.02617   0.01411  0.001671
   118/199     2.46G   0.04821   0.01617  0.002502   0.06688        12       640    0.4402    0.8889    0.8109    0.4066   0.02609    0.0141  0.001667
   119/199     2.46G   0.04209   0.01654  0.002147   0.06077        11       640    0.4054    0.8889    0.8339    0.4357   0.02508   0.01421  0.001659
   120/199     2.46G   0.04709   0.01854  0.003422   0.06906        17       640    0.4266    0.8889     0.814    0.4548   0.02507   0.01409  0.001649
   121/199     2.46G   0.04235   0.02148  0.002882   0.06672        16       640    0.3099    0.9444    0.8667    0.2913   0.02822   0.01393  0.001641
   122/199     2.46G    0.0416   0.01679  0.002509    0.0609        13       640    0.3753    0.9444    0.6883    0.3316   0.02656   0.01403  0.001644
   123/199     2.46G    0.0456   0.01696  0.002418   0.06499        10       640    0.3233    0.9444    0.6445    0.2987   0.02987   0.01373  0.001638
   124/199     2.46G   0.04133   0.01628  0.002109   0.05972        15       640    0.3987    0.8889    0.7581    0.3524   0.02504   0.01404  0.001663
   125/199     2.46G   0.04181   0.01698  0.002879   0.06167        17       640     0.406    0.8889    0.8017    0.4406   0.02624   0.01375  0.001641
   126/199     2.46G   0.04648   0.01594  0.002066   0.06449        17       640    0.2772    0.8889     0.576    0.1724   0.03158   0.01363  0.001611
   127/199     2.46G   0.05322   0.01602  0.002717   0.07195        14       640    0.2101    0.9444    0.4827    0.1399   0.03866   0.01275  0.001621
   128/199     2.46G     0.061   0.01838  0.002495   0.08187        14       640    0.2752    0.8889    0.6545    0.2013    0.0371    0.0131  0.001687
   129/199     2.46G   0.05778   0.01852  0.003321   0.07962        15       640    0.2752    0.8889    0.6545    0.2013    0.0371    0.0131  0.001687
   130/199     2.46G   0.05259   0.01762  0.002086   0.07229        19       640    0.2618    0.8889     0.521    0.1751   0.03681    0.0134  0.001727
   131/199     2.46G   0.04808   0.01799  0.002117   0.06818        19       640     0.314    0.9444    0.6334    0.2375   0.03624   0.01354  0.001776
   132/199     2.46G   0.05861   0.01783  0.002638   0.07908        15       640    0.2641    0.9444    0.4395    0.1452    0.0391   0.01318  0.001797
   133/199     2.46G   0.06461   0.01799  0.002436   0.08504        18       640    0.4068    0.9149    0.6397    0.2762   0.03165   0.01428  0.001857
   134/199     2.46G   0.04686   0.02157  0.002361   0.07079        17       640    0.4068    0.9149    0.6397    0.2762   0.03165   0.01428  0.001857
   135/199     2.46G   0.04801   0.02023  0.002738   0.07098        19       640    0.4041    0.9044    0.6559    0.2436   0.03255   0.01417  0.001893
   136/199     2.46G   0.05298   0.01707  0.002431   0.07248        20       640    0.4815    0.9289    0.7248     0.372   0.02722   0.01487  0.001924
   137/199     2.46G   0.04706   0.01855  0.002195   0.06781        15       640    0.2893    0.8889    0.4073   0.09669   0.03596   0.01387  0.001926
   138/199     2.46G   0.05275   0.01803  0.002961   0.07374        17       640    0.4174    0.9444    0.7777    0.3118   0.03149    0.0144   0.00195
   139/199     2.46G   0.05617    0.0191  0.002972   0.07824        21       640    0.4174    0.9444    0.7777    0.3118   0.03149    0.0144   0.00195
   140/199     2.46G    0.0568   0.01827  0.002973   0.07805        12       640    0.3362    0.9444    0.6517    0.2528    0.0349   0.01395  0.001958
   141/199     2.46G   0.05308   0.01615  0.002323   0.07155        15       640    0.3049    0.9444     0.629    0.2559    0.0345   0.01413  0.001963
   142/199     2.46G   0.05224   0.01802  0.002565   0.07282        20       640    0.2685    0.9444    0.5908     0.199   0.03463   0.01384  0.001962
   143/199     2.46G   0.05376   0.01776  0.002603   0.07413        20       640    0.2617    0.9444    0.4927    0.2036   0.03554   0.01383  0.001986
   144/199     2.46G   0.06003   0.01904    0.0027   0.08178        22       640    0.2617    0.9444    0.4927    0.2036   0.03554   0.01383  0.001986
   145/199     2.46G   0.06159   0.01645  0.002517   0.08055        17       640    0.2308    0.9444    0.4939    0.1514    0.0406   0.01321  0.001999
   146/199     2.46G   0.05656   0.01818  0.002744   0.07748        19       640    0.3585    0.9444    0.6638    0.2965   0.03469   0.01398  0.002026
   147/199     2.46G   0.05683   0.01775   0.00314   0.07773        13       640    0.3354    0.9444    0.7113      0.18   0.03886    0.0135   0.00203
   148/199     2.46G   0.05383   0.01426  0.002894   0.07098        15       640    0.3113    0.9444     0.612    0.2741    0.0332   0.01413  0.002062
   149/199     2.46G   0.04875   0.01887  0.002535   0.07015        19       640    0.3113    0.9444     0.612    0.2741    0.0332   0.01413  0.002062
   150/199     2.46G   0.05047   0.01368  0.002462   0.06662        13       640    0.2823    0.8889    0.5505     0.212   0.03738   0.01358   0.00208
   151/199     2.46G   0.05261   0.01756  0.002501   0.07267        17       640    0.3065    0.9444    0.5742    0.1662   0.03595   0.01376  0.002097
   152/199     2.46G    0.0484   0.01818  0.002577   0.06916        18       640    0.4084    0.9444    0.8528    0.4165   0.03096   0.01422  0.002087
   153/199     2.46G   0.04586   0.01705  0.002792    0.0657        16       640    0.3379    0.9444    0.6602    0.1986   0.03035    0.0142  0.002085
   154/199     2.46G   0.04437   0.01435  0.002419   0.06115        14       640    0.3379    0.9444    0.6602    0.1986   0.03035    0.0142  0.002085
   155/199     2.46G   0.05201   0.01557  0.002497   0.07008        15       640    0.3018    0.9444    0.6534    0.1991   0.03374   0.01369  0.002075
   156/199     2.46G   0.04363   0.01838  0.002569   0.06458        19       640    0.5479    0.9444     0.891    0.4351   0.02634   0.01447  0.002075
   157/199     2.46G   0.04268   0.01759  0.002521   0.06279        14       640    0.4397    0.9444    0.8148    0.3701   0.02603   0.01426  0.002032
   158/199     2.46G   0.04024   0.01659  0.002305   0.05914        11       640     0.275    0.9444     0.441    0.2042   0.03207   0.01354  0.001973
   159/199     2.46G   0.05101   0.01501  0.003021   0.06904        12       640     0.275    0.9444     0.441    0.2042   0.03207   0.01351  0.001973
   160/199     2.46G   0.04936    0.0195  0.003013   0.07187        14       640    0.2431    0.9444      0.43    0.1827   0.03525   0.01313  0.001946
   161/199     2.46G   0.05148   0.01651  0.002774   0.07076        16       640    0.2431    0.9444      0.43    0.1827   0.03525   0.01316  0.001946
   162/199     2.46G   0.05006   0.01852  0.002571   0.07116        19       640    0.2499    0.9444    0.4599    0.1891    0.0348   0.01316  0.001944
   163/199     2.46G    0.0438   0.01551  0.002351   0.06166        10       640    0.3971    0.8889    0.7499      0.29   0.02698   0.01388  0.001966
   164/199     2.46G   0.04643    0.0169  0.003104   0.06644        15       640    0.3971    0.8889    0.7499      0.29   0.02698   0.01392  0.001966
   165/199     2.46G   0.04063   0.01534  0.002295   0.05826        13       640    0.4816    0.8889    0.8093    0.3877   0.02404     0.014  0.001954
   166/199     2.46G   0.04118   0.01617  0.002821   0.06017        18       640    0.5103    0.9444    0.8723    0.4004   0.02541   0.01382   0.00189
   167/199     2.46G   0.03566   0.01891  0.002319   0.05689        15       640    0.5103    0.9444    0.8723    0.4004   0.02541   0.01378   0.00189
   168/199     2.46G   0.04025   0.01704  0.002552   0.05984        16       640    0.4833    0.9444    0.8272    0.4553   0.02389   0.01397  0.001868
   169/199     2.46G   0.03842   0.01731  0.002159   0.05789        15       640     0.366    0.9444    0.8207    0.3339   0.02762   0.01353  0.001827
   170/199     2.46G   0.03965   0.01839  0.002447   0.06049        22       640     0.366    0.9444    0.8207    0.3339   0.02762   0.01353  0.001827
   171/199     2.46G   0.04328   0.01698  0.002868   0.06313        14       640    0.3724    0.9444    0.8106    0.3888   0.02675   0.01352  0.001798
   172/199     2.46G   0.03802   0.01723  0.002224   0.05747        16       640    0.3982    0.9444    0.7106    0.3329   0.02633   0.01358  0.001767
   173/199     2.46G   0.03852   0.01449  0.002081    0.0551        14       640    0.3982    0.9444    0.7106    0.3329   0.02633   0.01358  0.001767
   174/199     2.46G    0.0421   0.01509  0.002181   0.05937        15       640    0.3412    0.9444    0.6802    0.2566   0.02744    0.0135  0.001752
   175/199     2.46G   0.03785    0.0142  0.001956   0.05401        13       640     0.359    0.9444    0.7993    0.4102   0.02599   0.01349  0.001739
   176/199     2.46G   0.04259   0.01455  0.002553   0.05969        17       640     0.359    0.9444    0.7993    0.4102   0.02599   0.01349  0.001739
   177/199     2.46G   0.04191   0.01685  0.002469   0.06122        20       640    0.3581    0.9444    0.7465    0.3618    0.0271   0.01329  0.001724
   178/199     2.46G   0.03891   0.01579   0.00203   0.05672        21       640    0.3896    0.9444    0.8073    0.3905   0.02815   0.01327  0.001715
   179/199     2.46G   0.03957   0.01602   0.00213   0.05773        17       640    0.3896    0.9444    0.8073    0.3905   0.02815   0.01327  0.001715
   180/199     2.46G   0.04071   0.01684  0.002193   0.05974        16       640    0.3787    0.9444    0.7354    0.3468   0.02891   0.01328  0.001718
   181/199     2.46G   0.04181   0.01682  0.002033   0.06066        19       640    0.4052    0.9444    0.8105    0.3944   0.02696   0.01353  0.001732
   182/199     2.46G   0.04374   0.01731  0.002241   0.06329        16       640    0.4052    0.9444    0.8105    0.3944   0.02696   0.01356  0.001732
   183/199     2.46G   0.03964   0.01788   0.00204   0.05955        14       640    0.3556    0.9444    0.7413     0.295   0.02755   0.01357  0.001734
   184/199     2.46G   0.03838    0.0159   0.00221   0.05649        14       640    0.4117    0.9444    0.7405    0.3581   0.02651   0.01346  0.001725
   185/199     2.46G   0.04535     0.016   0.00229   0.06364        18       640    0.4117    0.9444    0.7405    0.3581   0.02651   0.01346  0.001725
   186/199     2.46G   0.04137   0.01609  0.002358   0.05982        19       640    0.3408    0.9444    0.6994    0.3213   0.02821   0.01339   0.00172
   187/199     2.46G   0.04278   0.01492   0.00204   0.05974        18       640    0.4968    0.9444    0.8455     0.396   0.02462   0.01379  0.001732
   188/199     2.46G   0.03886   0.01535  0.002283    0.0565        16       640    0.4968    0.9444    0.8455     0.396   0.02462   0.01382  0.001732
   189/199     2.46G   0.03852   0.01641  0.002375   0.05731        16       640    0.4933    0.9444    0.8463    0.3552   0.02582   0.01375  0.001729
   190/199     2.46G   0.03963   0.01965  0.002654   0.06194        25       640    0.4892    0.8889    0.7908     0.431   0.02497   0.01378  0.001725
   191/199     2.46G   0.04139   0.01791  0.002051   0.06135        24       640    0.4892    0.8889    0.7908     0.431   0.02497   0.01378  0.001725
   192/199     2.46G   0.04478   0.01446  0.002893   0.06213        12       640    0.4866    0.8889    0.8012    0.4367   0.02512    0.0138  0.001726
   193/199     2.46G    0.0411   0.01685  0.001904   0.05985        19       640    0.4677    0.9444    0.8138    0.2906   0.02919    0.0134    0.0017
   194/199     2.46G   0.04975   0.01528   0.00237    0.0674        23       640    0.4677    0.9444    0.8138    0.2906   0.02919   0.01336    0.0017
   195/199     2.46G   0.04072   0.01835  0.002032    0.0611        22       640    0.3986    0.9444     0.812    0.2946   0.02982   0.01331  0.001691
   196/199     2.46G   0.04203   0.01904  0.002122   0.06319        24       640    0.3986    0.9444     0.812    0.2946   0.02982   0.01331  0.001691
   197/199     2.46G    0.0422   0.01584  0.002092   0.06012        17       640    0.2742    0.9444    0.5866    0.1949   0.03514   0.01286  0.001696
   198/199     2.46G    0.0532   0.01889  0.001964   0.07405        22       640    0.2742    0.9444    0.5866    0.1949   0.03514   0.01286  0.001696
   199/199     2.46G   0.05408   0.01548  0.002197   0.07176        20       640    0.3138    0.8889    0.5944     0.205   0.03302   0.01305  0.001718
