     0/199     3.12G   0.08481   0.04306   0.04519    0.1731        32       640    0.3647    0.2624    0.2352    0.0955   0.05498   0.03152   0.02724
     1/199     4.17G   0.06443   0.03004   0.02313    0.1176        16       640    0.1287    0.6361    0.2571   0.07521   0.06305   0.01901   0.01375
     2/199     4.17G   0.06782   0.02466   0.01377    0.1062        18       640    0.2386    0.8232    0.5315    0.1921    0.0526   0.01881  0.009553
     3/199     4.17G   0.05859   0.02402   0.01105   0.09366         8       640    0.3384    0.8762    0.5633    0.2887   0.04346   0.01838  0.007261
     4/199     4.17G    0.0511   0.02329  0.009067   0.08346        15       640     0.342    0.8586    0.7144    0.3942   0.03643    0.0186  0.006317
     5/199     4.17G    0.0452   0.02304  0.007649   0.07589        23       640    0.3819     0.866    0.7059    0.4102   0.03695   0.01791  0.006284
     6/199     4.17G   0.04246    0.0232  0.007011   0.07267        18       640    0.4346    0.8547    0.7116    0.4289   0.03368   0.01844  0.006374
     7/199     4.17G      0.04   0.02218  0.007039   0.06922        35       640    0.4462     0.891    0.7116    0.4351   0.03218   0.01789  0.005024
     8/199     4.17G    0.0397   0.02317  0.006926    0.0698        24       640    0.4516    0.8506    0.7529    0.4608   0.03178   0.01837  0.006047
     9/199     4.17G   0.03813   0.02223  0.006027   0.06639        22       640    0.5148    0.8808    0.8162    0.4586   0.03124   0.01779  0.004911
    10/199     4.17G   0.03705   0.02151  0.005411   0.06397        15       640    0.5319    0.8576    0.7845     0.475   0.02937    0.0186  0.004461
    11/199     4.17G   0.03535    0.0205   0.00581   0.06166        18       640     0.503    0.8616    0.7712     0.451    0.0301   0.01767  0.004327
    12/199     4.17G   0.03546    0.0214  0.005567   0.06243         8       640    0.5077    0.8722    0.7837     0.505   0.03049   0.01832  0.005091
    13/199     4.17G   0.03519   0.02199  0.005086   0.06227        21       640    0.5062    0.8941    0.7904    0.4888   0.02928   0.01703  0.003804
    14/199     4.17G   0.03394   0.02002   0.00558   0.05954        30       640    0.5766    0.8543     0.786    0.5016    0.0291   0.01766  0.004301
    15/199     4.17G   0.03349   0.02146  0.004783   0.05974        21       640    0.6546    0.8646    0.8271    0.5271    0.0284   0.01713  0.004357
    16/199     4.17G    0.0325    0.0208  0.004764   0.05807        14       640    0.6151    0.8807    0.8301    0.5269   0.02841   0.01715  0.003909
    17/199     4.17G   0.03356   0.02104  0.004223   0.05882        14       640     0.605    0.8692    0.8041     0.537    0.0283    0.0174    0.0042
    18/199     4.17G   0.03157   0.01997  0.004283   0.05582        11       640    0.5896    0.8785    0.7878    0.5177   0.02894   0.01716  0.003513
    19/199     4.17G   0.03146   0.01921  0.004173   0.05484        22       640    0.5985    0.8768    0.8377    0.5612   0.02671   0.01703  0.003844
    20/199     4.17G   0.03113   0.01958  0.004332   0.05504        13       640    0.6596    0.8606    0.8234    0.5689   0.02678   0.01747  0.003532
    21/199     4.17G   0.03094   0.01888  0.004532   0.05435        23       640    0.5932    0.8685    0.8164    0.4812   0.02792   0.01802  0.004452
    22/199     4.17G   0.03117      0.02  0.004732    0.0559        14       640    0.5627    0.8572    0.8127    0.4951   0.02893   0.01744  0.004175
    23/199     4.17G   0.03103   0.01935  0.004155   0.05454         9       640    0.6093    0.8822    0.8521    0.5592   0.02701   0.01732  0.003815
    24/199     4.17G   0.03009   0.01969  0.003909   0.05368        11       640    0.6281    0.8787    0.7899    0.5005   0.02839   0.01708  0.003334
    25/199     4.17G   0.02967   0.01886  0.003801   0.05233        22       640    0.6071     0.879    0.8059    0.5254   0.02904   0.01708  0.004359
    26/199     4.17G   0.02897   0.01831  0.003851   0.05113         8       640    0.6686    0.8789    0.8577    0.5949   0.02589    0.0168  0.003146
    27/199     4.17G   0.02894   0.01927   0.00325   0.05146         9       640    0.6519    0.8762    0.8375    0.5296     0.027   0.01727  0.002852
    28/199     4.17G   0.02864   0.01885  0.003249   0.05074        17       640    0.6745    0.8911    0.8699    0.5869   0.02572   0.01665  0.002732
    29/199     4.17G   0.02807   0.01799  0.003367   0.04943        12       640    0.6348    0.8945    0.8517    0.5718   0.02706   0.01702  0.002925
    30/199     4.17G   0.02882   0.01848  0.003183   0.05048        14       640     0.618    0.8657    0.8343    0.5763   0.02664   0.01713  0.003316
    31/199     4.17G   0.02734   0.01788  0.003179    0.0484        19       640     0.709    0.8585    0.8449    0.5802   0.02641   0.01772  0.003385
    32/199     4.17G   0.02877   0.01915  0.003211   0.05114        15       640     0.688    0.8651    0.8567    0.5913   0.02628   0.01683  0.003273
    33/199     4.17G   0.02776    0.0178  0.002947    0.0485        27       640    0.6883    0.8746    0.8581    0.5869   0.02646   0.01661  0.003077
    34/199     4.17G   0.02696   0.01802  0.003027   0.04801        22       640     0.679    0.8828    0.8617    0.5999   0.02596   0.01727  0.003033
    35/199     4.17G   0.02657   0.01804  0.002936   0.04754        48       640    0.6744    0.8723    0.8575    0.6103   0.02507   0.01682  0.002954
    36/199     4.17G   0.02724   0.01846  0.002991   0.04869        11       640    0.6705    0.8696     0.844    0.5966   0.02537   0.01726  0.003221
    37/199     4.17G   0.02662   0.01795  0.002796   0.04737         7       640    0.6607    0.8838    0.8529    0.5983   0.02572    0.0175  0.002907
    38/199     4.17G   0.02636   0.01701  0.002708   0.04608        18       640    0.6612    0.8871    0.8553    0.5842    0.0264    0.0164  0.003054
    39/199     4.17G   0.02676   0.01683  0.002627   0.04622         9       640    0.7335    0.8697    0.8502    0.5681   0.02601   0.01697  0.003359
    40/199     4.17G   0.02712   0.01831  0.003073    0.0485        13       640    0.6274    0.8833      0.85    0.5698   0.02674   0.01742  0.003655
    41/199     4.17G   0.02653   0.01741  0.003369    0.0473        11       640    0.6513    0.8616    0.8471    0.5792   0.02662   0.01701   0.00314
    42/199     4.17G   0.02654    0.0174  0.003409   0.04735        14       640    0.6927    0.8753    0.8395     0.576   0.02555   0.01691  0.003009
    43/199     4.17G   0.02613   0.01757  0.003305     0.047        26       640     0.696    0.8608    0.8472    0.6013   0.02494   0.01704  0.003324
    44/199     4.17G   0.02597   0.01788  0.002813   0.04666        14       640    0.6884    0.8676    0.8336    0.5818   0.02589   0.01645  0.002813
    45/199     4.17G   0.02574   0.01705  0.002786   0.04557        22       640    0.7035    0.8824    0.8658    0.6273   0.02609   0.01643  0.002715
    46/199     4.17G   0.02646   0.01783  0.003149   0.04744        18       640    0.6718    0.8719     0.854    0.6021   0.02557   0.01678  0.003508
    47/199     4.17G   0.02596   0.01784  0.002842   0.04664        15       640     0.691    0.8795    0.8613    0.6183   0.02534   0.01703  0.003019
    48/199     4.17G   0.02551   0.01666   0.00251   0.04468        18       640    0.6827    0.8916    0.8592    0.6184   0.02541   0.01718  0.003169
    49/199     4.17G   0.02496   0.01665  0.002584   0.04419        22       640    0.7534    0.8838    0.8719     0.623   0.02573   0.01666  0.002703
    50/199     4.17G   0.02578   0.01698  0.002644    0.0454        31       640    0.6883    0.8759    0.8639    0.6102   0.02605   0.01699  0.003202
    51/199     4.17G   0.02554   0.01748  0.002463   0.04548        13       640    0.7638     0.876    0.8683    0.6182   0.02467   0.01709  0.002775
    52/199     4.17G   0.02528   0.01626  0.002504   0.04405        12       640    0.7223    0.8684      0.87    0.6322   0.02527   0.01717  0.003139
    53/199     4.17G   0.02446   0.01641  0.002194   0.04307        18       640    0.7114    0.8852    0.8644    0.6231   0.02504   0.01724  0.002512
    54/199     4.17G   0.02393   0.01576  0.002317   0.04201         9       640    0.7255     0.892    0.8781    0.6305   0.02494   0.01701  0.002979
    55/199     4.17G   0.02496    0.0162  0.002677   0.04384        21       640    0.7535    0.8736    0.8628     0.621   0.02431   0.01685  0.003081
    56/199     4.17G   0.02368   0.01626  0.002207   0.04215        15       640    0.7191    0.8763    0.8551    0.5903   0.02582   0.01727  0.002981
    57/199     4.17G   0.02312   0.01592   0.00209   0.04113        10       640    0.7626    0.8706    0.8653    0.6015   0.02519   0.01706  0.002505
    58/199     4.17G   0.02413   0.01581  0.002343   0.04229         6       640    0.7793    0.8828    0.8793    0.6293   0.02495   0.01705  0.002544
    59/199     4.17G   0.02449   0.01607  0.002132    0.0427        11       640    0.7765    0.8768    0.8712    0.6415   0.02453   0.01678  0.002541
    60/199     4.17G     0.024   0.01579  0.002338   0.04213        12       640    0.7558    0.8753    0.8621    0.6333   0.02396   0.01665  0.003484
    61/199     4.17G   0.02326   0.01598  0.002567   0.04181        16       640    0.6865    0.8588    0.8433    0.6061   0.02462   0.01781  0.003184
    62/199     4.17G   0.02305   0.01591  0.002946   0.04191        10       640    0.7084    0.8767    0.8596     0.626   0.02433   0.01684  0.003624
    63/199     4.17G   0.02374   0.01706  0.002508   0.04331        10       640    0.7137    0.8818    0.8655    0.6326   0.02564   0.01707  0.002719
    64/199     4.17G   0.02347   0.01607  0.002468     0.042        19       640     0.715    0.8719    0.8565     0.624   0.02523   0.01748  0.003715
    65/199     4.17G   0.02337   0.01653  0.002401    0.0423        55       640    0.7341    0.8708     0.867     0.632   0.02442   0.01729  0.003167
    66/199     4.17G   0.02307   0.01636  0.002408   0.04184        26       640     0.764    0.8803    0.8723    0.6325   0.02484   0.01717  0.002616
    67/199     4.17G   0.02288   0.01574  0.002043   0.04067        18       640    0.7463    0.8571    0.8448    0.6151   0.02554   0.01822   0.00292
    68/199     4.17G   0.02266   0.01644  0.002563   0.04166        15       640    0.7015    0.8715    0.8541    0.5995   0.02661   0.01775  0.003219
    69/199     4.17G   0.02321   0.01603  0.002251   0.04149        35       640    0.7867     0.878    0.8739    0.6429   0.02556   0.01734   0.00264
    70/199     4.17G   0.02266   0.01576  0.002097   0.04052        30       640    0.7816    0.8671    0.8648    0.6418   0.02504    0.0176  0.003061
    71/199     4.17G   0.02255    0.0159  0.001911   0.04036        15       640    0.7533    0.8579    0.8406    0.6174   0.02502   0.01741  0.002328
    72/199     4.17G   0.02208    0.0159  0.001842   0.03983        13       640    0.8063    0.8616    0.8632    0.6444   0.02486   0.01712  0.002562
    73/199     4.17G    0.0217   0.01513  0.002209   0.03903        12       640    0.7907    0.8722    0.8573    0.6304   0.02519   0.01746  0.002466
    74/199     4.17G   0.02224   0.01558  0.001839   0.03966        38       640    0.7326    0.8538     0.823    0.5787   0.02576    0.0175   0.00238
    75/199     4.17G   0.02127   0.01435  0.001845   0.03746        17       640    0.7925    0.8791     0.873    0.6451   0.02508   0.01761  0.002567
    76/199     4.17G   0.02229   0.01551  0.001783   0.03959        14       640    0.7822    0.8719    0.8601    0.6298   0.02506   0.01719  0.002444
    77/199     4.17G    0.0216   0.01495  0.001546   0.03809        14       640    0.7908    0.8699    0.8649    0.6368   0.02491   0.01747   0.00248
    78/199     4.17G   0.02152   0.01463  0.001724   0.03788        25       640    0.7907    0.8662    0.8639    0.6236   0.02549    0.0174  0.002933
    79/199     4.17G   0.02102   0.01461  0.001573   0.03721        33       640     0.808     0.867    0.8581    0.6279   0.02477    0.0174  0.002672
    80/199     4.17G   0.02107   0.01378  0.001751    0.0366        29       640    0.7845    0.8667    0.8612    0.6516   0.02445   0.01789   0.00242
    81/199     4.17G   0.02205   0.01463  0.001644   0.03832        16       640    0.7967    0.8657    0.8654    0.6453   0.02463   0.01748  0.002733
    82/199     4.17G    0.0212   0.01494  0.001738   0.03788        18       640    0.7764    0.8832    0.8707    0.6485   0.02414   0.01734  0.002455
    83/199     4.17G   0.02106   0.01437  0.001617   0.03705        15       640    0.7572    0.8762    0.8568    0.6296   0.02426   0.01734  0.002308
    84/199     4.17G    0.0211   0.01474  0.001768   0.03761        15       640    0.7801     0.883    0.8666    0.6569   0.02412   0.01723  0.002691
    85/199     4.17G   0.02095   0.01484  0.001915    0.0377        19       640    0.7908    0.8638    0.8655    0.6265   0.02522   0.01762  0.002558
    86/199     4.17G   0.02047   0.01406  0.001819   0.03635        10       640    0.7776    0.8697    0.8736    0.6625   0.02415   0.01736  0.002925
    87/199     4.17G   0.02029   0.01418  0.001528     0.036        17       640    0.7794    0.8791    0.8784    0.6621   0.02431   0.01701  0.003168
    88/199     4.17G   0.02056   0.01445  0.001665   0.03668        13       640     0.766    0.8674    0.8579    0.6314    0.0248   0.01725  0.002506
    89/199     4.17G   0.02027   0.01435  0.001601   0.03622        11       640     0.791    0.8767    0.8611    0.6512   0.02454   0.01745  0.002905
    90/199     4.17G   0.02117   0.01499  0.001694   0.03785        17       640    0.8087    0.8706    0.8749    0.6372   0.02492   0.01729  0.002646
    91/199     4.17G   0.01994   0.01394   0.00158   0.03546        14       640    0.8233    0.8747    0.8633    0.6525   0.02506   0.01825  0.002602
    92/199     4.17G   0.02058   0.01494  0.001667   0.03719        11       640    0.8189    0.8645    0.8689    0.6503   0.02449   0.01794  0.002667
    93/199     4.17G    0.0197   0.01424  0.001564    0.0355        14       640     0.812    0.8636    0.8637     0.659   0.02387   0.01746  0.003056
    94/199     4.17G   0.01949   0.01329  0.001475   0.03426         7       640    0.8058    0.8612    0.8516    0.6304   0.02519   0.01804  0.002815
    95/199     4.17G   0.01958   0.01408  0.001658   0.03532        14       640    0.7854    0.8587    0.8563    0.6298    0.0249   0.01776  0.002585
    96/199     4.17G   0.01905   0.01301   0.00136   0.03342        13       640    0.8052    0.8796    0.8743    0.6441    0.0246   0.01756  0.002487
    97/199     4.17G   0.02023   0.01425  0.001431   0.03591        11       640    0.7803    0.8714    0.8636    0.6577    0.0247   0.01792  0.002841
    98/199     4.17G   0.01879   0.01342  0.001337   0.03355        15       640     0.761    0.8652    0.8551    0.6448   0.02462   0.01807  0.003826
    99/199     4.17G   0.01971   0.01352  0.001742   0.03497        17       640      0.81    0.8787    0.8727     0.634   0.02477   0.01758  0.002807
   100/199     4.17G   0.01929   0.01364  0.001373    0.0343        12       640    0.8037    0.8661    0.8569    0.6457   0.02426   0.01808  0.002609
   101/199     4.17G   0.01922   0.01348  0.001394   0.03409        19       640     0.816    0.8665      0.86    0.6483   0.02477    0.0182  0.002571
   102/199     4.17G   0.01875   0.01281  0.001366   0.03292        37       640    0.7964    0.8728      0.86    0.6335   0.02481   0.01828  0.002638
   103/199     4.17G   0.01867   0.01339  0.001184   0.03324        18       640     0.802    0.8752    0.8645    0.6532    0.0241   0.01795  0.002532
   104/199     4.17G   0.01892    0.0135  0.001105   0.03353        47       640    0.8121    0.8628    0.8653    0.6497   0.02414   0.01814  0.002596
   105/199     4.17G   0.01764   0.01311  0.001316   0.03207        25       640    0.8203    0.8642    0.8623    0.6467   0.02444   0.01882  0.002645
   106/199     4.17G   0.01809    0.0131  0.001151   0.03234         9       640    0.8179    0.8678    0.8635    0.6511   0.02437   0.01813  0.002948
   107/199     4.17G   0.01841   0.01299  0.001262   0.03267        14       640    0.7947    0.8668    0.8611     0.639   0.02433   0.01894  0.002853
   108/199     4.17G   0.01802   0.01273  0.001146    0.0319        17       640    0.8103    0.8639    0.8628    0.6538   0.02423   0.01811   0.00264
   109/199     4.17G   0.01822   0.01324   0.00165    0.0331        25       640    0.8094     0.866    0.8603    0.6581   0.02414   0.01825  0.002578
   110/199     4.17G     0.018   0.01301  0.001298   0.03231        26       640    0.8167    0.8799    0.8768    0.6602   0.02371   0.01774  0.002505
   111/199     4.17G    0.0178   0.01273  0.001299   0.03183        14       640    0.7968    0.8674    0.8664    0.6572   0.02403   0.01808  0.002512
   112/199     4.17G   0.01785   0.01329   0.00146    0.0326        26       640     0.828    0.8637    0.8661    0.6444   0.02425   0.01812  0.002541
   113/199     4.17G   0.01777   0.01267  0.001192   0.03164        12       640    0.7929    0.8587    0.8617    0.6545   0.02371   0.01803  0.002602
   114/199     4.17G   0.01691   0.01278  0.001213    0.0309        20       640    0.8218    0.8519    0.8686    0.6703   0.02313   0.01779  0.002614
   115/199     4.17G   0.01726   0.01238  0.001135   0.03078        11       640    0.8112    0.8633    0.8599     0.659   0.02355   0.01837  0.002514
   116/199     4.17G   0.01723   0.01245  0.001184   0.03087        20       640    0.8098     0.858    0.8453    0.6475   0.02391   0.01845  0.002656
   117/199     4.17G   0.01717   0.01189  0.001327   0.03039         7       640    0.7975    0.8748    0.8636     0.659    0.0234   0.01836  0.002839
   118/199     4.17G   0.01712   0.01237  0.001212   0.03071        14       640    0.8104    0.8618    0.8583     0.664   0.02412   0.01832  0.003029
   119/199     4.17G   0.01657   0.01225   0.00111   0.02993        20       640    0.7993    0.8641    0.8646    0.6677   0.02363   0.01806  0.002587
   120/199     4.17G   0.01651     0.012  0.001163   0.02968        32       640     0.823    0.8618    0.8666    0.6698   0.02375   0.01841  0.003307
   121/199     4.17G   0.01659    0.0121  0.001161   0.02985        23       640     0.809    0.8547    0.8539    0.6564   0.02406   0.01877  0.003396
   122/199     4.17G   0.01684   0.01183  0.001166   0.02983        16       640    0.8119     0.844    0.8494    0.6329   0.02451   0.01913  0.003228
   123/199     4.17G    0.0165     0.012    0.0012    0.0297        16       640    0.8219    0.8646    0.8589    0.6606   0.02373   0.01869  0.003076
   124/199     4.17G   0.01637   0.01165   0.00105   0.02907        39       640    0.8022    0.8691    0.8557    0.6555   0.02415   0.01867  0.003081
   125/199     4.17G   0.01649   0.01225  0.001197   0.02994        13       640     0.815    0.8552     0.857    0.6592   0.02372   0.01869  0.003055
   126/199     4.17G   0.01645   0.01228  0.001235   0.02996        16       640    0.8201    0.8654     0.859     0.658   0.02397   0.01884  0.002708
   127/199     4.17G    0.0162   0.01211 0.0009862   0.02929        28       640    0.8307    0.8664    0.8658    0.6627   0.02381   0.01868  0.002438
   128/199     4.17G   0.01574   0.01183 0.0009894   0.02856        11       640    0.8385      0.87    0.8657    0.6563   0.02424   0.01895   0.00271
   129/199     4.17G   0.01612   0.01207  0.001228   0.02942        15       640    0.8171    0.8515     0.855    0.6563   0.02416     0.019  0.002595
   130/199     4.17G   0.01569   0.01072  0.001166   0.02757        18       640    0.8131    0.8548    0.8576    0.6574   0.02395    0.0192  0.002579
   131/199     4.17G    0.0157   0.01155  0.001062   0.02831        30       640    0.8076    0.8645    0.8589    0.6741    0.0236   0.01885  0.002763
   132/199     4.17G   0.01566   0.01159  0.001063   0.02831        37       640    0.8213    0.8542    0.8612    0.6722   0.02381   0.01908  0.002694
   133/199     4.17G   0.01576   0.01135  0.001258   0.02836        10       640    0.8187    0.8642     0.859    0.6507   0.02393   0.01938  0.002923
   134/199     4.17G   0.01566   0.01177  0.001307   0.02874        12       640    0.8276     0.846    0.8547    0.6598   0.02389   0.01943   0.00342
   135/199     4.17G    0.0157   0.01167  0.001208   0.02858        24       640    0.8086     0.865    0.8644    0.6608   0.02405   0.01944  0.002733
   136/199     4.17G   0.01553   0.01168  0.001172   0.02839        14       640    0.8156    0.8635    0.8717    0.6684   0.02367   0.01917  0.002901
   137/199     4.17G   0.01502   0.01134 0.0009277   0.02729        15       640    0.8315     0.859    0.8607    0.6592   0.02362   0.01944  0.002805
   138/199     4.17G   0.01534   0.01104 0.0007842   0.02717         9       640    0.8273    0.8599    0.8654    0.6669   0.02421   0.01927  0.002625
   139/199     4.17G   0.01546   0.01109 0.0008207   0.02737        18       640    0.8392     0.866     0.871    0.6674   0.02372   0.01934  0.002535
   140/199     4.17G   0.01509   0.01103  0.001005   0.02712        19       640    0.8325    0.8695    0.8676    0.6674   0.02345    0.0194  0.002466
   141/199     4.17G   0.01475    0.0108 0.0009622   0.02651        21       640    0.8357    0.8629     0.872    0.6748   0.02357   0.01915  0.002548
   142/199     4.17G   0.01479   0.01075 0.0009589    0.0265        36       640    0.8295    0.8612    0.8671    0.6728   0.02346   0.01917  0.002624
   143/199     4.17G   0.01485   0.01111 0.0009409    0.0269        21       640    0.8332    0.8484    0.8599     0.662   0.02349   0.01905  0.002441
   144/199     4.17G   0.01457   0.01071 0.0007118   0.02599        15       640    0.8269    0.8487    0.8559    0.6599   0.02414   0.01984   0.00247
   145/199     4.17G    0.0145    0.0102 0.0008648   0.02556        15       640    0.8266    0.8622    0.8633    0.6647   0.02401   0.01964  0.002475
   146/199     4.17G   0.01432   0.01049     0.001   0.02581        16       640    0.8251     0.856    0.8638    0.6644   0.02406   0.01957  0.002382
   147/199     4.17G   0.01438   0.01107 0.0007662   0.02622         9       640    0.8264    0.8476    0.8548    0.6611   0.02432   0.01969  0.002391
   148/199     4.17G   0.01472   0.01063 0.0008648   0.02621        12       640    0.8428    0.8603    0.8635    0.6706   0.02392   0.01915  0.002377
   149/199     4.17G    0.0147   0.01129 0.0009202   0.02691        33       640    0.8487    0.8677    0.8658    0.6721   0.02376   0.01894  0.002366
   150/199     4.17G   0.01431   0.01063   0.00106   0.02599        20       640    0.8576    0.8542    0.8652    0.6587   0.02402   0.01917  0.002574
   151/199     4.17G   0.01418   0.01066 0.0009742   0.02581         9       640    0.8293    0.8422     0.864    0.6623   0.02379   0.01956  0.002797
   152/199     4.17G   0.01439   0.01081 0.0008386   0.02604        15       640    0.8487    0.8442    0.8586    0.6656   0.02381   0.01999  0.002751
   153/199     4.17G   0.01371   0.01054  0.000748   0.02501        13       640     0.848     0.852     0.857    0.6616   0.02374    0.0201  0.002602
   154/199     4.17G   0.01423   0.01089 0.0008523   0.02597        82       640    0.8515     0.853    0.8599    0.6657   0.02381   0.01973  0.002535
   155/199     4.17G   0.01384   0.01061 0.0008925   0.02534        32       640     0.852    0.8571    0.8608    0.6632    0.0237   0.01951  0.002505
   156/199     4.17G   0.01348   0.01066 0.0007644   0.02491        18       640    0.8448    0.8538     0.859     0.664   0.02362   0.01976  0.002496
   157/199     4.17G   0.01371   0.01051 0.0007762     0.025        10       640    0.8484    0.8659    0.8701    0.6729   0.02384   0.01929  0.002379
   158/199     4.17G   0.01397   0.01013 0.0008187   0.02492        10       640    0.8296    0.8598    0.8664    0.6664   0.02399   0.01989  0.002442
   159/199     4.17G   0.01353   0.01009 0.0007867   0.02441        10       640    0.8463    0.8516    0.8609    0.6619   0.02395   0.02002  0.002626
   160/199     4.17G   0.01362   0.01016 0.0008241    0.0246        15       640    0.8558    0.8564    0.8635    0.6653   0.02375   0.02027  0.002607
   161/199     4.17G   0.01308  0.009842 0.0006813    0.0236        16       640    0.8471    0.8631     0.866    0.6723   0.02356   0.01978  0.002397
   162/199     4.17G   0.01327   0.01028 0.0007059   0.02425        14       640    0.8497    0.8434    0.8621     0.668   0.02382   0.02023  0.002333
   163/199     4.17G   0.01336    0.0097 0.0006555   0.02371        18       640    0.8473    0.8487     0.861     0.668   0.02379   0.01977  0.002426
   164/199     4.17G   0.01312   0.01025  0.001049   0.02442        11       640    0.8356      0.86     0.865    0.6726   0.02376    0.0199  0.002455
   165/199     4.17G   0.01332  0.009993 0.0008432   0.02416        22       640    0.8362    0.8539     0.853    0.6665   0.02392   0.02044  0.002433
   166/199     4.17G   0.01291   0.01022 0.0008119   0.02394         9       640    0.8378    0.8606    0.8635    0.6722   0.02352   0.01998  0.002419
   167/199     4.17G   0.01275   0.01008 0.0005796   0.02342        21       640     0.845    0.8578    0.8648    0.6691   0.02364   0.02045  0.002467
   168/199     4.17G   0.01279  0.009912 0.0007042   0.02341         9       640    0.8452    0.8633    0.8639    0.6714   0.02361    0.0203  0.002439
   169/199     4.17G   0.01265  0.009302 0.0006959   0.02265        22       640    0.8508      0.86    0.8602    0.6734   0.02354   0.02036   0.00244
   170/199     4.17G   0.01296   0.01016 0.0007649   0.02388         9       640    0.8381    0.8527    0.8563    0.6698   0.02358   0.02034  0.002586
   171/199     4.17G   0.01273  0.009458 0.0005981   0.02279        32       640    0.8405      0.85    0.8591    0.6716   0.02341   0.02032  0.002672
   172/199     4.17G   0.01257  0.009599 0.0006921   0.02287        16       640    0.8435    0.8541    0.8592    0.6747   0.02391   0.02056  0.002618
   173/199     4.17G   0.01298   0.01001 0.0006598   0.02365        29       640    0.8495     0.857    0.8621    0.6793   0.02362   0.02032  0.002587
   174/199     4.17G   0.01262  0.009545 0.0006963   0.02286        25       640     0.847    0.8619    0.8684    0.6794   0.02333   0.02004  0.002383
   175/199     4.17G   0.01265  0.009817 0.0007645   0.02323         8       640     0.839    0.8595    0.8649    0.6798   0.02351   0.02025  0.002454
   176/199     4.17G   0.01283  0.009626 0.0006925   0.02315        14       640    0.8368    0.8568     0.862    0.6814    0.0237   0.02029  0.002458
   177/199     4.17G   0.01273  0.009528 0.0007801   0.02304        13       640    0.8372    0.8532    0.8598     0.677   0.02357   0.02018  0.002444
   178/199     4.17G   0.01277  0.009903 0.0007768   0.02345         8       640    0.8422    0.8645    0.8686    0.6726   0.02379   0.02029  0.002394
   179/199     4.17G   0.01252  0.009864 0.0006355   0.02302        18       640     0.843    0.8552    0.8644    0.6801   0.02354   0.02024  0.002354
   180/199     4.17G   0.01269   0.00973 0.0006187   0.02304        11       640    0.8483    0.8451    0.8565    0.6681   0.02363   0.02073  0.002472
   181/199     4.17G   0.01236  0.009004 0.0006619   0.02203        18       640    0.8521    0.8509    0.8649    0.6761   0.02381   0.02059   0.00246
   182/199     4.17G   0.01233  0.009487 0.0005935   0.02241        79       640    0.8496    0.8499    0.8667    0.6793   0.02382   0.02048  0.002396
   183/199     4.17G   0.01235  0.009302 0.0005688   0.02222        14       640    0.8544    0.8529    0.8584     0.676   0.02353   0.02034  0.002429
   184/199     4.17G   0.01198  0.008842 0.0005695   0.02139        18       640    0.8603    0.8477    0.8518    0.6734   0.02367   0.02068  0.002503
   185/199     4.17G   0.01243  0.009754 0.0005968   0.02278        17       640    0.8423    0.8504    0.8524    0.6761   0.02369   0.02064  0.002303
   186/199     4.17G    0.0118  0.009154 0.0007021   0.02165        18       640    0.8575    0.8535    0.8658    0.6821   0.02357   0.02015  0.002344
   187/199     4.17G   0.01234  0.009155 0.0007897   0.02229         9       640    0.8568    0.8454    0.8572     0.678   0.02365   0.02057  0.002299
   188/199     4.17G   0.01225  0.009814 0.0005924   0.02265        15       640    0.8557    0.8495    0.8584    0.6776   0.02345    0.0208  0.002403
   189/199     4.17G   0.01217  0.009245 0.0006389   0.02206        21       640    0.8503    0.8548    0.8562    0.6754   0.02361   0.02094  0.002531
   190/199     4.17G   0.01191   0.00931 0.0006059   0.02182        11       640    0.8391    0.8537    0.8564    0.6778   0.02341   0.02068  0.002555
   191/199     4.17G   0.01164  0.008676 0.0005648   0.02088        16       640     0.845    0.8564    0.8605    0.6809    0.0234   0.02057  0.002487
   192/199     4.17G   0.01192  0.009344 0.0006005   0.02187        12       640    0.8437    0.8459    0.8482    0.6726   0.02361   0.02078  0.002409
   193/199     4.17G   0.01192  0.009539 0.0006329   0.02209        15       640     0.847    0.8515    0.8582    0.6781   0.02379   0.02084  0.002418
   194/199     4.17G   0.01183  0.009126 0.0005891   0.02155        10       640    0.8614    0.8467    0.8644    0.6793   0.02387   0.02085  0.002438
   195/199     4.17G   0.01179  0.009113 0.0007025   0.02161        13       640    0.8672    0.8504    0.8663    0.6799   0.02373   0.02086  0.002505
   196/199     4.17G   0.01173   0.00928 0.0004898    0.0215        10       640    0.8567    0.8345    0.8588    0.6777   0.02348   0.02107  0.002514
   197/199     4.17G    0.0115  0.008997 0.0004949   0.02099         9       640    0.8528    0.8373     0.858    0.6785    0.0235   0.02114  0.002599
   198/199     4.17G   0.01196  0.009332 0.0005036   0.02179        13       640    0.8518    0.8466    0.8704    0.6844   0.02346   0.02105  0.002563
   199/199     4.17G   0.01193  0.009349 0.0005644   0.02185        22       640    0.8649      0.85    0.8682    0.6832   0.02336   0.02123  0.002609
